6.022961e-05 5.0822222e-05 0.00031510904 0.009873007 0.00017857105 0.00028948698 5.720765e-07 0.9844961 0.00040204785 0.004334045
0.012314242 0.002429707 0.94343936 0.028247861 1.0717859e-05 0.0010850085 0.0018329759 4.9699735e-05 0.010560932 2.9491082e-05
0.0005150578 0.97293437 0.0014975729 0.0006177052 0.008762201 6.520131e-06 6.688595e-05 0.011056536 0.0022105016 0.0023326897
0.9877972 2.4775508e-07 0.0011203914 0.0002725601 3.2299442e-06 0.005637963 0.0046629226 6.162347e-05 0.00031759683 0.00012630045
0.00052425027 0.0003688674 0.000112745656 8.6021406e-05 0.9899059 1.9192797e-05 0.0033467985 9.9355086e-05 6.115301e-05 0.005475665
0.0004261755 0.97655827 0.0013990399 0.0005327199 0.0071475357 4.7035637e-06 5.5482265e-05 0.010296652 0.0018042042 0.0017753114
7.0360943e-06 0.00057815167 2.1974392e-05 0.000258747 0.9787288 0.00091122725 2.9370121e-05 0.010789729 0.0014604984 0.007214539
0.0006768943 0.010856389 0.042097077 0.045744784 0.38847852 0.12899716 0.0036866055 0.003601645 0.038437594 0.3374233
0.0003543892 3.3457e-06 0.00095913484 0.00054613175 0.0001303526 0.9390254 0.048762266 6.805459e-05 0.006426741 0.003724169
0.0001359964 7.863665e-05 0.00041520747 0.004372888 0.09016197 0.0011867208 8.544556e-06 0.4386626 0.04385302 0.4211245
0.9948437 2.6026948e-05 0.0021821307 7.907763e-05 1.3626791e-05 0.0005230206 0.00074889517 1.0100645e-05 0.0014134544 0.00015982898
0.03577558 0.0003560807 0.018212808 0.0003315494 0.004220685 0.0045851464 0.87599033 2.8385859e-05 0.060158327 0.00034111485
0.00039099422 1.5713504e-05 2.181012e-06 0.0006925487 0.021638785 0.0006774355 3.5720255e-05 0.0028612637 0.003046822 0.97063845
0.94799066 0.0008216033 0.003922522 0.002218879 0.00025935078 0.0044032168 0.00066515163 0.017073533 0.0044736494 0.018171353
0.007193745 0.8848669 0.0066995802 0.016069004 0.015120331 0.00022635509 0.006701216 0.0039458186 0.05560913 0.0035679066
0.0013932321 0.00021294953 0.0012156437 0.05395009 1.6982591e-06 0.93991214 0.00028668612 7.451089e-05 0.0024164896 0.00053649984
0.0006685994 1.3725187e-06 4.62929e-05 2.512067e-05 0.003670885 0.00037444415 1.1429702e-05 0.0014951692 0.000481339 0.9932254
0.000128369 1.8184386e-05 0.0005390043 0.07098448 2.1274627e-05 0.0002700459 1.0376407e-07 0.9204846 6.359965e-05 0.007490391
0.00031477076 0.0003483344 0.010596654 0.8357555 5.6770397e-05 0.12808123 9.905911e-05 0.0013688048 0.022487951 0.00089080696
0.0016296788 0.017320275 0.00010588065 0.0072847926 0.91114986 0.001490602 0.004625129 0.0091555985 0.002520632 0.044717465
0.00039589967 0.00015124191 9.9708865e-05 0.0029653227 0.034514952 0.00097502884 1.7720384e-05 0.09597596 0.005869598 0.85903454
0.01414746 0.006360046 0.002713472 0.0008884409 0.00052757387 0.11469868 0.8390739 4.002209e-05 0.021081584 0.00046876163
0.011440308 0.00661024 0.0036502983 9.580409e-05 0.56175387 0.0021798923 0.32796827 0.006673276 0.01535005 0.064277984
0.0010309243 6.2651375e-06 1.6562448e-05 0.00026486022 6.896441e-05 0.97088057 0.021472469 9.3472845e-06 0.0056825234 0.0005675436
0.0005141489 0.0030898515 0.0006882408 0.0012175969 0.9282139 0.00055647065 0.0027655866 0.010506561 0.00053953094 0.051908012
0.8671477 4.97468e-06 0.016382523 0.00024712112 0.0014298736 0.00084603525 0.10740608 4.987128e-05 0.0019019789 0.0045839637
0.0013647551 0.00014257235 0.00013007136 0.0053340117 0.0002280317 0.00049257994 1.4140336e-06 0.9647978 0.0001771312 0.027331647
0.0019105247 0.0002902297 0.000119565266 0.00017629127 0.9621883 1.1446352e-05 0.00024385405 0.00040383043 8.523068e-05 0.034570746
0.8954595 0.0004711017 0.005177024 0.011831534 2.1601614e-05 0.0020114519 0.0010569566 0.0025935762 0.07696552 0.0044118217
0.0015658418 0.961034 0.004271624 0.0009905825 0.0040454036 0.002811935 0.007094923 0.0003080034 0.01633887 0.0015387456
4.1566505e-05 2.7972084e-05 0.0007008591 0.9745822 1.824516e-05 0.0010446276 1.1376911e-07 0.021657195 0.0003860838 0.0015411293
0.0011442616 0.5680028 0.000577517 0.043534484 0.16160221 0.04927687 0.0031241241 0.0111094965 0.006959787 0.1546685
4.2817133e-05 0.0008971886 0.0017675261 0.9534703 0.00014809806 0.030601587 1.1836669e-05 0.0008163762 0.01174193 0.0005023259
0.81118345 0.0026995374 0.013407753 0.00046324797 0.1156099 0.00036953643 0.044720095 0.00060220115 0.0075176256 0.0034266233
0.00025852062 0.00033352096 0.01840236 0.016174737 1.371657e-05 0.00015312167 5.6724e-07 0.9519608 0.009729377 0.0029732748
0.0097702 0.00011783751 0.93159026 0.0047862367 7.3146875e-05 0.009500575 0.00014431585 0.0018364947 0.0376869 0.004493921
0.00010926691 3.452852e-05 0.012906569 0.017517796 1.857735e-05 2.524619e-05 1.6253084e-07 0.96482366 0.00043408884 0.0041301
0.0014851121 0.9165908 0.0050716703 0.0013726242 0.006349856 0.0061415457 0.028399086 0.00033264994 0.032428812 0.0018278343
0.0036001483 0.0007927082 0.66888684 0.0977723 8.13049e-06 0.16875504 0.0227238 0.00020660735 0.037146438 0.00010807332
0.003480699 0.95662695 0.0016420096 0.0032045157 0.008104978 8.583378e-05 0.0004214585 0.0048533105 0.014468541 0.007111699
0.00093366386 0.9880034 0.0016107176 0.000208704 0.0014061796 0.000630035 0.0023972536 0.000115295996 0.0042458777 0.00044898962
0.0018274573 0.0061526587 0.013819186 0.25723964 0.013274378 0.006128859 0.00014703363 0.6329739 0.001965788 0.066471085
2.1524671e-05 0.0048362897 0.0004655148 0.0016986821 0.9754018 3.298689e-05 0.0002655015 0.0016355022 0.0030463957 0.012595785
8.6053195e-05 0.0052923346 0.98526776 0.0013721453 0.0014531272 7.723652e-05 0.006237226 5.8927242e-05 0.000143822 1.14598815e-05
0.005567455 0.13412361 0.029872274 0.584084 0.0014168964 0.15141253 0.0007742656 0.01597777 0.06519529 0.011575985
0.0350667 3.587236e-05 0.00013701433 0.016877642 2.1400108e-05 0.934002 0.009681372 0.00011614422 0.0034757843 0.0005860611
0.00050431275 0.36285147 0.0704021 0.28785494 0.0028774268 0.04051498 0.0011064054 0.0012404016 0.21210846 0.020539513
9.73589e-05 0.00014338303 0.9952049 0.0027943023 0.00076170824 6.643984e-06 0.00037297572 0.00039055324 7.015281e-05 0.00015793748
1.1015962e-05 1.8117964e-05 5.9457493e-06 0.00012968846 0.98311824 4.646393e-05 7.824822e-05 0.00017574414 0.00093693426 0.0154794725
4.710888e-05 0.00014572684 0.0002472324 0.00014404226 0.994941 4.1753985e-05 0.0005931703 0.00021078612 0.0001946243 0.0034345665
0.008471472 0.0003725287 0.0002725312 0.0007169949 0.0008582615 0.016306283 0.9709563 9.224457e-06 0.0019730518 6.329797e-05
0.000105932464 9.101653e-06 0.0021335625 0.99415886 2.5806798e-07 0.0016270962 3.0912051e-06 0.0015792993 0.00037546005 7.3743427e-06
0.0014898224 9.4402606e-07 9.2505485e-05 0.00081935036 6.6371686e-06 0.9916992 0.005227677 6.0815073e-06 0.0005546033 0.00010312177
0.0018978039 2.6923242e-05 0.00030822362 0.023313407 5.89767e-06 0.96953034 0.00029296242 0.00025863314 0.0039690263 0.0003967344
0.0012798699 0.00037476656 0.00047781478 2.0084988e-05 0.026173128 0.002509001 0.9631137 1.8494127e-05 0.005727233 0.00030579153
0.96327996 0.000262282 0.00035420145 0.0010243842 2.774066e-05 0.0056342534 0.0069167274 0.0009145605 0.018929427 0.0026564018
0.00012747296 4.374268e-05 1.4996675e-05 6.7290486e-05 0.99596393 2.2253793e-05 0.0001805409 4.1816053e-05 0.0006462558 0.0028915484
0.0013763915 0.9694081 0.002311009 0.0008960725 0.009642805 0.0002711682 0.0014107958 0.0045670485 0.006623151 0.0034934585
0.00090439164 2.1842852e-05 8.358924e-05 0.0014860473 0.44326988 0.00040649835 0.00012976617 0.032680787 0.0005950181 0.5204221
0.0011916058 0.000159334 9.929267e-05 0.0015824317 0.0026873746 0.9493839 0.0017635531 0.0039006916 0.015401191 0.023830548
6.916619e-05 7.830888e-06 1.638835e-05 0.0034821196 0.00055601855 0.00047383495 8.22503e-07 0.9925626 6.546925e-05 0.0027657864
0.008776369 0.00015707867 0.6222197 0.022293232 0.0048617334 0.20517375 0.03152689 0.0026135999 0.06965576 0.03272181
0.00062527566 0.00033948992 0.00025293505 0.0051543587 0.007540398 0.037303638 0.00022847988 0.0014133007 0.014839267 0.93230283
0.0032257668 0.0061014732 0.4542926 0.084490836 0.0063742213 0.008648949 0.0023901006 0.012171316 0.40671605 0.015588743
0.00036092225 9.827097e-05 0.1921686 0.12581588 0.00055643724 0.000121355864 1.5705626e-05 0.667121 0.008676826 0.0050650104
0.0008818879 0.047739767 0.00025921004 0.02207337 0.6957953 0.012460885 0.00480234 0.01270937 0.006816135 0.19646183
0.010866408 0.007256504 0.2592032 0.002242205 0.07912009 0.022125613 0.5844087 0.008843498 0.020608867 0.0053250357
8.865417e-06 3.3924516e-05 2.0433587e-05 4.073761e-05 0.9983016 1.01568085e-05 3.1756514e-05 9.095865e-05 6.295716e-05 0.0013986806
0.0002632521 0.00020887966 0.00052796764 0.9445036 0.00049743487 0.006561023 0.00011966067 0.00015032188 0.044446826 0.0027209718
0.93877226 6.529838e-06 0.0045425463 3.3349006e-05 0.0008257206 0.0013138321 0.004809613 0.00044080446 0.0019787466 0.047276676
5.4518216e-05 1.5115155e-05 4.2333326e-05 0.00081651664 0.0007594068 0.00017445763 9.742447e-07 0.99577737 3.9593024e-06 0.0023553264
0.9987208 1.7587445e-07 0.00013091703 8.563274e-06 4.3878777e-07 0.00044608788 0.0002404555 5.5919895e-06 0.00024420486 0.00020273116
0.00096832437 3.423928e-05 0.97704166 0.019518286 1.4991442e-06 0.0001757218 1.4233038e-05 0.00012732699 0.002104777 1.3969678e-05
0.0039369348 0.0047897487 0.019563666 0.03350105 0.0046367203 0.0037311707 7.210748e-05 0.2518233 0.3285899 0.3493554
0.0013310199 0.9636159 0.0023993778 0.00044188058 0.007423833 0.002168451 0.011324139 0.00050290616 0.009006375 0.0017860614
0.00012674129 0.0006952885 0.02032241 0.005724332 0.10308295 0.0022270204 0.00027797977 0.8258941 0.015476524 0.026172647
0.0030477815 0.0023353894 0.008184462 0.96165514 9.492756e-05 0.018738994 0.00018594992 0.0004921756 0.004859948 0.00040523577
0.0014841921 0.013036494 0.011037962 0.008416222 0.0040642344 0.00024051228 3.7159425e-05 0.93406147 0.0013572826 0.026264617
0.004793438 0.0371834 0.001770309 0.020320179 0.112362236 0.016275983 0.0013161844 0.047569904 0.13298222 0.6254261
2.2742535e-05 3.3034703e-05 0.0003194405 0.00055865437 0.0010135082 1.7951339e-05 2.2394804e-06 0.99453247 0.00045232926 0.0030476474
0.000487751 0.014216378 0.00015374017 0.03434982 0.04700799 0.012606935 4.6003664e-05 0.25709477 0.0044429065 0.6295937
0.024056835 0.00018277038 0.0005181599 3.8056725e-05 0.0022022708 0.0016893127 0.9703179 1.1815357e-05 0.00089292607 8.989168e-05
0.00010227824 8.038479e-06 0.99509025 0.0038527485 1.8697441e-05 4.160012e-06 3.0933355e-05 8.6866006e-05 0.0007283197 7.762418e-05
0.0020441783 0.014487385 0.00011552189 0.0020254867 0.05975058 0.0002921376 2.4184426e-05 0.79665315 0.0006225076 0.12398484
0.00010739745 6.6463363e-06 0.00030106574 0.00023740792 0.0011887775 0.0027480102 0.00046712585 9.931731e-05 0.9911616 0.0036826485
1.813851e-06 7.011159e-06 7.868678e-06 0.00024234195 0.9958925 6.469219e-05 3.4500656e-05 0.00055318786 0.0006040638 0.0025919396
6.8580244e-05 0.0006230386 0.0014574323 0.008696324 0.00080165925 0.00024879 8.782318e-07 0.9534091 0.01003602 0.024658121
0.0013695924 0.0012609963 0.0017716272 0.5431374 0.00092611887 0.24881823 0.000112165966 0.19644135 0.0022593858 0.0039031538
0.0012391083 0.00019680473 0.0012495891 7.867416e-06 0.00224675 0.00033532825 0.99400216 3.0425222e-06 0.0006862245 3.303926e-05
0.0008886255 0.96502596 0.001780397 0.0015721063 0.0062075625 1.1972449e-05 5.3128864e-05 0.013752339 0.00719936 0.0035085808
0.0004546883 3.9472934e-06 0.0036908286 0.9918486 4.5584596e-07 0.0029076817 5.455263e-07 0.00024983386 0.0007928567 5.0503437e-05
0.0026002924 0.000115468676 0.000793795 3.4608674e-05 0.012207758 0.0020841078 0.9790602 1.3802135e-05 0.00082207273 0.0022678769
0.008487827 0.009204175 0.0060342196 0.00793159 0.20944132 0.07328561 0.019114777 0.05653748 0.18965961 0.42030337
5.731194e-05 5.880908e-05 0.00032279728 0.9967366 4.514571e-06 0.0013638053 1.3800681e-07 0.0007563203 0.00025301107 0.000446685
0.0021789777 0.88514614 0.0018034064 0.0024466778 0.012449546 0.0004929336 0.008588618 0.0011038478 0.083190136 0.002599631
0.00083271536 7.969165e-05 0.00013078126 0.0012736202 0.88481754 0.0011369026 0.0027797206 0.0030226116 0.005767152 0.10015932
0.0011445031 0.5436473 0.0005988558 0.042953715 0.17535825 0.04909512 0.0030520258 0.013228297 0.0071104798 0.16381139
0.00014793494 0.0023139506 0.0103479605 0.50390065 0.0011647709 0.0008688925 7.59719e-06 0.37355408 0.10062973 0.007064454
0.07741557 0.0010547028 0.008961776 0.00021052935 0.00032831088 0.18943667 0.6649425 2.3032057e-05 0.055549733 0.0020770794
0.0028160114 3.8013252e-06 0.00042733946 0.00046416998 0.0057590674 0.00019272871 1.5235914e-05 0.011434414 0.0009161242 0.97797114
