2.843788e-05 1.141449e-06 0.00026944902 0.0028784324 4.7996705e-06 0.00016202375 1.6468739e-07 0.99608636 7.096461e-05 0.0004982008
0.00041248332 0.001885428 0.98749524 0.0032186932 7.121901e-06 9.398459e-05 0.00300721 1.6658823e-06 0.0038781033 1.3907975e-07
8.105036e-06 0.9805062 0.0010490228 0.00044158916 0.00906577 9.912635e-06 0.00047340913 0.0054329475 0.00037135635 0.0026416732
0.9526649 2.3231942e-05 0.023399632 0.013471768 0.0009595312 0.0056400853 0.0017048167 0.00074578 0.00030241863 0.0010878554
1.0865095e-05 1.0266826e-06 3.4766046e-05 5.052121e-06 0.9947412 1.3420286e-05 0.0003048483 0.00022332466 0.00045570827 0.0042097145
6.7225765e-06 0.98143184 0.0009803639 0.0003709477 0.009056069 6.6908524e-06 0.00039481153 0.0050935 0.0003380714 0.0023210405
2.018591e-06 9.710727e-06 2.0140926e-05 0.00034361274 0.99163026 0.0005519308 0.00018970309 0.0011103131 0.0030179597 0.0031243255
2.6862434e-05 0.016155086 0.04256428 0.07363656 0.29122046 0.007958879 0.00095465156 0.0031162663 0.051587336 0.51277953
0.0028115772 7.983136e-05 0.0027706076 0.0040828385 0.10396628 0.788064 0.041202504 5.9274957e-05 0.05625702 0.00070609973
0.0005520982 0.00013215526 0.0032731597 0.092041776 0.18403274 0.0045637893 0.00019158772 0.04056628 0.08948808 0.58515835
0.98687047 3.0944136e-07 0.005063292 0.00013568369 0.00023808867 0.0012682239 0.004232734 1.1325114e-06 0.0021158536 7.415139e-05
0.0040465803 4.8083988e-05 0.01646477 0.0039190887 0.002815415 0.023051718 0.59478384 9.211752e-05 0.3543713 0.00040704978
0.00010326759 2.4014255e-06 2.7108848e-05 0.00033040458 0.0043506334 7.0549286e-05 3.1147865e-05 0.003674686 0.0015457842 0.98986393
0.9951874 8.9177426e-08 0.00039405416 2.4207511e-05 0.0010338944 0.0007987367 0.00012507779 0.00035234506 0.00062764395 0.0014565128
0.00043098477 0.9235633 0.0015723926 0.037916973 0.002232026 0.0002441554 0.0020918732 0.0007542121 0.029594721 0.0015993004
0.00016185679 5.2043074e-06 0.0005559736 0.023663696 1.0498563e-05 0.9720392 0.0026418995 6.4764913e-07 0.00091874594 2.3086225e-06
3.9097165e-05 5.2649887e-07 0.00027558615 0.00016267758 0.0029684417 0.0010586244 8.738679e-06 0.008564866 0.0020501018 0.9848713
2.0486908e-05 3.7054247e-07 0.00011595649 0.006800893 5.786186e-06 3.7108322e-05 2.2793031e-08 0.9894874 7.6351e-06 0.0035244904
9.773224e-06 2.4275564e-06 0.00067176024 0.99363613 7.4398426e-06 0.005199029 6.422751e-06 0.0001362974 0.00026490187 6.579858e-05
2.4111132e-05 1.835398e-05 3.4322316e-06 1.5104074e-06 0.9982071 2.3159866e-05 0.00065506634 0.000564048 8.637032e-05 0.00041677963
0.00024511074 3.3930817e-05 2.1399896e-05 0.055808898 0.039651804 0.0014963163 1.4231063e-05 0.18921436 0.005826295 0.7076877
0.0032115295 4.4314097e-06 0.00020594 0.00041557883 0.0069365003 0.20676291 0.75092566 7.5756725e-06 0.028630165 0.0028996936
0.00112606 0.00019442986 0.0013071299 8.287885e-05 0.20450002 0.0009767568 0.7674769 0.0013293358 0.019875403 0.0031310515
0.00789156 0.0003610386 0.00083052146 0.0056967544 0.009625075 0.7456268 0.20171428 1.1336724e-05 0.027759437 0.00048319862
8.819835e-06 0.00019920674 0.0002371421 7.142932e-05 0.94890374 0.00033927598 0.0014866216 0.0055103367 0.00095059426 0.042292938
0.940968 1.013761e-06 0.0033033318 8.948017e-06 0.01617346 0.0001331945 0.019825209 1.1156397e-05 0.018269412 0.0013064576
0.00021172124 1.7105522e-05 0.0003075829 0.00046802135 4.4543365e-05 0.00012057991 3.7414628e-07 0.9961881 4.0921466e-05 0.0026011094
0.00018921007 7.020858e-07 4.0062016e-05 2.834337e-06 0.9820154 1.08267295e-05 0.00031798123 0.00010074357 0.00014463035 0.017177785
0.9967775 7.577013e-08 0.0003129551 1.6218122e-05 5.2544812e-05 0.0006431031 0.00011264481 0.0001183935 0.0012738605 0.0006926916
0.0006054673 0.92414844 0.0020726037 0.0029656983 0.022126058 0.0028769982 0.023441203 0.008963503 0.0092035495 0.0035964707
3.3569428e-05 5.1921994e-05 0.00023735299 0.6863149 0.0006434619 0.00045760756 3.0006353e-07 0.25492772 0.0006815005 0.05665166
5.6273886e-05 0.89240766 0.00043157078 0.0058911177 0.069862515 0.003092015 0.0043216245 0.0038905842 0.0022254642 0.017821033
2.5427978e-06 2.001592e-05 0.0005409746 0.9675657 0.0005116533 0.026797175 4.302523e-05 0.00075585156 0.0026397114 0.0011234008
0.21445367 8.971033e-06 0.0033724108 6.104638e-05 0.7105222 0.0023046322 0.054851487 0.00014674685 0.011277524 0.0030013155
5.333336e-06 5.99003e-06 0.00065271225 0.003917424 3.2669646e-05 2.0138928e-06 1.7800343e-08 0.9911656 0.00041800283 0.0038002594
0.0006807192 4.1745225e-05 0.9937915 0.004019353 2.737644e-06 0.00015178704 2.2444387e-05 6.682708e-06 0.0012826646 3.2117953e-07
3.602008e-06 6.523589e-06 0.006087277 0.009037413 1.1205557e-05 2.077816e-05 8.073823e-08 0.9832133 0.0007212538 0.00089860155
0.00013141037 0.8973879 0.00068614987 0.0039060926 0.04816598 0.0021714158 0.022847323 0.003962039 0.013981214 0.006760461
0.00051093777 0.002952202 0.738834 0.16909039 1.3870651e-06 0.055044916 0.013864544 3.5405785e-05 0.01966044 5.7455427e-06
0.00011438301 0.9687603 0.000517044 0.0021251778 0.0030810942 5.881109e-05 0.00011494991 0.01239374 0.0032107804 0.009623724
7.337811e-05 0.9919882 0.00075037783 0.0004967723 0.0014248362 0.00010179462 0.004335556 0.00040909543 0.00036544833 5.4644926e-05
0.00020442042 0.025476102 0.25441054 0.15026478 0.00050279003 0.00047991204 1.6119797e-05 0.5578416 0.0018249286 0.008978776
5.272678e-06 0.0010010301 0.0007332638 0.0007485937 0.97559595 2.9247534e-05 6.890501e-05 0.003907178 0.0038024846 0.014108125
0.00096452236 0.063552484 0.7645308 0.014823416 0.025954053 0.0021071609 0.116719805 0.0032549805 0.007904193 0.0001886088
4.9890332e-05 0.00937202 0.012130517 0.97075975 6.66347e-05 0.0046559395 0.0014494027 6.0249055e-05 0.0014357992 1.9799632e-05
0.0024372442 4.4639833e-06 0.00031136803 0.4405983 0.00089110184 0.54562926 0.004195787 0.00024838065 0.0022128467 0.0034712185
2.5981587e-06 0.853034 0.08201823 0.034413252 0.008037568 0.00031976224 0.0033873634 0.0013912746 0.017237661 0.00015828412
7.731252e-06 0.0017023612 0.9926959 0.0039140247 3.9982106e-06 1.654433e-05 0.00033777175 9.617327e-07 0.0013203494 3.7193692e-07
0.000676842 6.3671223e-06 0.00019918467 0.000114808776 0.95995337 0.00050501653 0.006196453 0.00035989616 0.025562381 0.0064256187
8.013709e-06 3.0762942e-06 3.0156787e-05 2.627995e-05 0.99093467 0.00014002352 6.376015e-05 5.577405e-05 0.0025684326 0.0061698165
0.0016393509 0.00011698802 0.00010331091 4.2188327e-05 0.0011773978 0.00237558 0.9943674 3.2108136e-07 0.00017678669 5.948276e-07
6.7152294e-05 1.3448942e-05 0.052798074 0.93543994 1.8474193e-05 0.0009874888 2.5506897e-06 0.0077430606 0.0023489934 0.0005809046
0.0010110305 4.4905744e-07 0.00040672687 0.002363737 0.00037744877 0.9812912 0.00061036437 6.4680375e-05 0.012073483 0.0018009271
7.000994e-05 1.5888219e-06 0.0008525574 0.011786445 2.8763608e-05 0.9785864 0.0027305055 1.5531488e-05 0.0054904134 0.0004377621
0.00021239682 3.92776e-06 0.0041870386 2.9203878e-07 0.0011304396 0.00050775945 0.9930736 1.1973916e-07 0.000883105 1.4752409e-06
0.9978536 4.6493307e-07 0.00020030527 3.8699633e-05 0.00015468475 0.00058876583 0.00033193495 4.5694036e-05 0.00050174195 0.0002842311
2.7561673e-05 8.074963e-07 5.139482e-06 5.736132e-06 0.9951899 0.00012392686 0.00021284945 4.3686014e-05 0.003890591 0.0004998684
5.2786578e-05 0.97837615 0.0012149855 0.0007023004 0.004334133 0.00015313976 0.0008187453 0.011698277 0.00036108322 0.0022884626
5.646243e-05 1.9040594e-06 0.00080349506 0.00076427084 0.040730063 5.654348e-05 7.1477654e-05 0.013981746 0.00034186564 0.94319206
0.005650464 4.25002e-05 0.0002886777 0.0009459025 0.007865508 0.4994251 0.0003434101 0.47275963 0.0031976039 0.009481247
2.1275499e-05 3.984867e-05 0.00023280362 0.23069374 0.00012598735 0.022178227 8.247392e-07 0.7435531 0.0022676545 0.00088648294
7.8791876e-05 0.0002450927 0.4151098 0.3812402 0.0006483991 0.0041776868 1.9156763e-05 0.0047012586 0.1868764 0.0069032027
1.2227372e-05 5.718082e-05 0.00011906238 0.00012287933 0.0117201395 0.005609501 0.00010239416 0.0030845595 0.0022821985 0.97688985
0.0005442769 0.00024394366 0.31950212 0.5014217 0.00026433813 0.0012702408 0.0021413218 8.560093e-05 0.17329727 0.001229245
0.0015062963 3.5596033e-06 0.07185676 0.122258574 0.0043420177 0.00025612884 0.0004677266 0.4649185 0.063743204 0.27064717
0.00030068416 0.03011873 0.00017224735 0.0007795109 0.9004668 0.000961892 0.006792563 0.0023502426 0.00027961066 0.057777878
0.045836844 4.1636107e-05 0.02582538 0.006786477 0.015564295 0.2523167 0.6043719 0.00045799394 0.045001063 0.0037978175
2.9262162e-06 3.6836504e-06 0.000113356764 1.3833393e-05 0.9960918 3.4447698e-06 1.5611316e-05 0.0014685531 0.0003947374 0.001892058
0.00010607987 5.997212e-05 0.008452982 0.8992053 0.018000124 0.0061915093 0.0004564512 0.005409237 0.0056632985 0.056455065
0.9854315 9.0975675e-08 0.0014503559 0.00015297838 3.5758032e-05 0.0061202175 0.00021142588 0.0005367734 0.00062459026 0.005436296
7.611347e-06 3.7201428e-07 0.00017865615 0.0025457249 3.3061285e-06 1.7119492e-05 6.876325e-08 0.9966365 6.6885577e-06 0.0006039619
0.9987556 5.100795e-08 0.0008240731 1.4864413e-05 5.59116e-06 5.156148e-05 8.399475e-06 2.0175203e-06 0.00014347363 0.00019441293
0.002692268 2.7217038e-06 0.9767031 0.01988664 1.2785209e-06 0.00040869814 8.348716e-06 6.011499e-05 0.00023592357 7.585627e-07
0.00065193046 0.015903657 0.030152222 0.04750564 0.00075261487 4.3449287e-05 3.8009616e-06 0.59060216 0.24108428 0.073300265
3.1293665e-05 0.9375569 0.00052542967 0.0028067543 0.037133433 0.00044984918 0.0019517912 0.0065221163 0.0008800902 0.012142229
3.4099855e-06 2.627155e-05 0.0028953135 0.07594429 0.0007747577 0.00045824493 6.967454e-07 0.8903178 0.0011689202 0.028410371
0.00052376994 0.008860519 0.04821483 0.88073516 2.9847255e-05 0.051739592 0.005555103 3.7253354e-05 0.004296976 6.8555187e-06
7.46279e-05 0.0013963571 0.022750275 0.026757335 0.0003553893 0.0005761852 3.1179022e-06 0.93448985 0.00085998187 0.012736846
0.00018940472 0.04507369 0.0022464166 0.017455589 0.29893798 0.001728021 0.00026097178 0.069173165 0.005950758 0.5589841
0.00019801987 4.0933603e-05 0.18251173 0.08171153 1.150435e-05 6.3144535e-06 5.206206e-07 0.7259348 0.008048672 0.0015360691
0.0002670622 0.0069948086 0.0006229121 0.0012958456 0.02662873 0.0059248335 2.3650371e-05 0.6422085 0.007088933 0.3089448
0.0037457207 1.5754837e-05 0.00087309116 1.0705572e-05 0.0028261242 0.0005927314 0.9910545 1.4050798e-06 0.00084251835 3.7462025e-05
5.642934e-06 5.1396746e-06 0.9970208 0.0012169735 8.0663995e-07 5.8293494e-06 0.00018220558 1.319982e-07 0.0015621482 3.561682e-07
0.00012083013 0.010471917 0.0012544765 0.00092001 0.20385654 0.0117262015 0.00019262693 0.7047651 0.0080095185 0.058682803
0.00030635588 8.28885e-05 0.00035777304 0.0020735331 0.036123753 0.033149015 3.8252598e-05 0.00042473632 0.8926508 0.03479292
0.0002497454 4.537265e-06 8.470233e-05 5.7205878e-05 0.9791987 0.00022753462 0.0025432087 0.00019554942 0.01619717 0.0012416566
3.5119683e-06 2.9233559e-05 0.00034599254 0.020867225 8.0977974e-05 1.842219e-05 4.5883506e-09 0.96724606 0.0005565681 0.010851905
7.569861e-05 2.0601658e-06 0.0073696757 0.8925621 0.002103344 0.02736329 5.285905e-05 0.053555105 0.00065914553 0.016256802
9.645525e-05 6.6303215e-07 0.00012967596 2.2338625e-07 7.8007026e-05 0.00035220548 0.9991744 6.1960026e-07 0.0001662229 1.4892041e-06
2.0975122e-05 0.97711587 0.0056375745 0.001731104 0.003937463 6.7772606e-05 0.0011736852 0.0057169246 0.0014227076 0.0031760295
0.00014964111 1.9564716e-06 0.00041147365 0.9777104 8.9165e-08 0.020975512 2.204417e-05 1.709488e-06 0.0007247197 2.3274126e-06
8.5152744e-05 1.6890885e-06 6.374533e-05 6.0421445e-07 0.0003676696 0.00039712124 0.9988098 7.4224694e-08 0.00025660425 1.743179e-05
0.0037269283 0.0063024876 0.0020531863 0.008050433 0.66259027 0.0214483 0.001397974 0.017460242 0.07749565 0.19947459
0.00021310484 0.0005718841 0.00094908423 0.96114177 8.2179286e-05 0.021409422 2.43664e-05 0.0031960467 0.01113931 0.0012728524
5.079201e-05 0.9683611 0.00081969146 0.0045713135 0.002021525 6.2104555e-05 0.0053292606 9.9121724e-05 0.018534085 0.00015100888
0.00046997375 6.7046335e-06 0.0003343921 8.8219254e-05 0.94994324 0.00010542686 0.005375283 0.00053705456 0.0004878609 0.04265181
6.137936e-05 0.8915549 0.00051117013 0.0068879765 0.06676237 0.0033816088 0.0045879614 0.0044279816 0.002369043 0.019455656
3.847343e-06 0.00033717038 0.0010628621 0.08294466 0.0028580276 5.8075177e-05 6.290206e-07 0.82108253 0.0028364786 0.08881571
0.0040796734 0.0014552741 0.0010142413 1.0928215e-05 0.0031272308 0.023359694 0.96374834 1.6031579e-06 0.0032021727 8.877558e-07
0.0006499492 1.5101319e-06 0.007153319 0.0074138 0.0026941292 0.00023000623 7.221803e-05 0.011859155 0.021692833 0.9482331
