0.01821223
0.080294766
0.5335204
0.6027866
0.059160862
0.8966607
0.87100285
0.01821223
0.86276096
0.72818846
0.83540905
0.01821223
0.9999702
0.7669338
0.8661239
0.01821223
0.41831025
0.9397568
0.90491426
0.01821223
0.01821223
0.8699312
0.8940499
0.86387277
0.2145808
0.34163868
0.52595425
0.23833545
0.6620735
0.5006066
0.97544897
0.8476744
0.9975796
0.9183695
0.108346775
0.8815427
0.01821223
0.5528726
0.948585
0.01821223
0.77077794
0.952603
0.5257436
0.95462966
0.01821223
0.8229107
0.01821223
0.103894144
0.99837744
0.86911213
0.3899358
0.9962088
0.01821223
0.01821223
0.862735
0.18703668
0.104810245
0.038565647
0.56860906
0.01821223
0.01821223
0.9115433
0.9823211
0.16454399
0.73293847
0.84633946
0.69012076
0.87274146
0.94046915
0.24757327
0.042831615
0.6729525
0.01821223
0.9455773
0.6998469
0.21010523
0.5085026
0.9653584
0.90530235
0.9804087
0.07947853
0.055882987
0.7381153
0.8466337
0.01821223
0.35512382
0.73123294
0.01821223
0.05220896
0.8322167
0.9905238
0.01821223
0.86969167
0.6801583
0.13891542
0.7374142
0.032342244
0.90351343
0.89594096
0.9991342
