0.017982166
0.37196812
0.9991896
0.86186373
0.15583774
0.800537
0.6636426
0.017982166
0.5195503
0.8267069
0.65967625
0.017982166
0.91184586
0.71772265
0.948594
0.017982166
0.6168119
0.92406744
0.877476
0.017982166
0.017982166
0.67039293
0.93330806
0.84149724
0.053642083
0.16028374
0.31086436
0.10960745
0.9494092
0.14248434
0.9909329
0.8620555
0.9444417
0.97800267
0.13388982
0.99939793
0.017982166
0.98149264
0.94671136
0.017982166
0.96822494
0.9684446
0.4182086
0.9969132
0.017982166
0.103439905
0.017982166
0.049365666
0.9698033
0.84515184
0.28091177
0.9676626
0.017982166
0.017982166
0.9318128
0.22436532
0.260413
0.025873242
0.7530909
0.017982166
0.017982166
0.99408174
0.99377733
0.1761783
0.31624058
0.8791115
0.8307382
0.9925126
0.9992278
0.2262613
0.025059503
0.57246554
0.017982166
0.95237756
0.45501083
0.13047096
0.5919573
0.9742189
0.99902767
0.9102317
0.14077333
0.06524645
0.82406074
0.99534744
0.017982166
0.015038377
0.7276206
0.017982166
0.068020344
0.9397143
0.99803644
0.017982166
0.93688226
0.75040305
0.13631868
0.9917837
0.06705926
0.87099403
0.9149259
0.9732703
