0.024845436
0.077867545
0.61462533
0.5578453
0.055515118
0.80942667
0.9893732
0.024845436
0.9187358
0.8490974
0.88100207
0.024845436
0.9686196
0.82523793
0.90013546
0.024845436
0.646795
0.9684559
0.9883522
0.024845436
0.024845436
0.7795736
0.97386926
0.85645247
0.14584377
0.30954528
0.52256763
0.15115306
0.80178064
0.27904198
0.9527283
0.9372969
0.87283593
0.909867
0.15869519
0.9243469
0.024845436
0.6217706
0.9524416
0.024845436
0.9456007
0.8577681
0.53084457
0.9275276
0.024845436
0.68394744
0.024845436
0.11230769
0.99899364
0.82318634
0.33884242
0.98170066
0.024845436
0.024845436
0.65057826
0.18017878
0.1379384
0.04692109
0.66279644
0.024845436
0.024845436
0.9646226
0.96102494
0.1625129
0.56181586
0.8200375
0.9000037
0.75283116
0.8812066
0.3545448
0.050541095
0.4674533
0.024845436
0.8770035
0.6895147
0.21125405
0.6255525
0.95618635
0.86556536
0.9937192
0.08133715
0.053725127
0.67458665
0.9592307
0.024845436
0.26683462
0.6323892
0.024845436
0.049935352
0.9489646
0.99083453
0.024845436
0.98042196
0.79747796
0.15674922
0.8977401
0.043548472
0.64590204
0.96383107
0.9942781
