0.019923681
0.07053846
0.7402103
0.7142136
0.24997362
0.87977785
0.77699333
0.019923681
0.8863282
0.8975024
0.73851293
0.019923681
0.9550857
0.915079
0.8862115
0.019923681
0.9399888
0.77033657
0.5689758
0.019923681
0.019923681
0.78248984
0.8514684
0.7818372
0.6654743
0.25846633
0.7865613
0.552402
0.71546674
0.6745523
0.92907053
0.8302963
0.89997625
0.84178066
0.28030962
0.6128501
0.019923681
0.6287071
0.91925335
0.019923681
0.7754089
0.8801417
0.50466526
0.92730355
0.019923681
0.81576943
0.019923681
0.11365048
0.9375987
0.82949036
0.35691932
0.74021655
0.019923681
0.019923681
0.77779967
0.4498363
0.22053254
0.034887373
0.5631222
0.019923681
0.019923681
0.8934046
0.94478655
0.28125098
0.67749864
0.8029693
0.54172045
0.87981397
0.70721316
0.46149835
0.16964488
0.7737527
0.019923681
0.79552317
0.7642475
0.1698419
0.8085407
0.90769565
0.8688815
0.8304655
0.05999645
0.04939862
0.69529235
0.81754947
0.019923681
0.5643217
0.7887523
0.019923681
0.04723443
0.9093933
0.80454785
0.019923681
0.73877287
0.7898786
0.19368865
0.47469637
0.038915887
0.83238864
0.84248483
0.97497654
