0.021119198
0.07776187
0.6581279
0.5024977
0.08795979
0.8619874
0.96183944
0.021119198
0.83086663
0.76931083
0.88625455
0.021119198
0.99930596
0.7996905
0.93031335
0.021119198
0.60344267
0.9571665
0.9831655
0.021119198
0.021119198
0.8288241
0.9502692
0.70930356
0.21690665
0.2953228
0.5710001
0.12327634
0.6030473
0.3180361
0.966036
0.92711574
0.97515273
0.92704505
0.27336407
0.9437368
0.021119198
0.63867724
0.95060784
0.021119198
0.9517779
0.9415796
0.48485267
0.94455564
0.021119198
0.59948105
0.021119198
0.11639354
0.99759054
0.90314114
0.31675965
0.9991418
0.021119198
0.021119198
0.79016596
0.16758049
0.13604516
0.045349114
0.7456698
0.021119198
0.021119198
0.9619274
0.96611625
0.3592447
0.41284406
0.8172448
0.856176
0.8611019
0.8902521
0.21337429
0.051040687
0.26439768
0.021119198
0.888079
0.65367293
0.16325776
0.6787359
0.96206784
0.91273546
0.92398375
0.050501294
0.05434548
0.70917886
0.9510751
0.021119198
0.24259512
0.7353882
0.021119198
0.05201563
0.9645585
0.9794977
0.021119198
0.9799305
0.88154095
0.16171287
0.8452935
0.048959453
0.5521539
0.89760363
0.99716026
