0.016868986
0.13786764
0.7138919
0.7682813
0.16758527
0.8480978
0.8962746
0.016868986
0.8970901
0.8004792
0.8546948
0.016868986
0.98426116
0.9291385
0.796082
0.016868986
0.5637195
0.83158773
0.65184283
0.016868986
0.016868986
0.9231522
0.9220967
0.7801755
0.5938591
0.25651285
0.4830211
0.370438
0.63573897
0.5016537
0.97507614
0.8829378
0.9561954
0.9970732
0.15661615
0.69903415
0.016868986
0.85571086
0.93143946
0.016868986
0.90818715
0.9048235
0.45212722
0.84888464
0.016868986
0.66434765
0.016868986
0.113292046
0.93033934
0.8685389
0.4176783
0.92482495
0.016868986
0.016868986
0.8100546
0.2863134
0.19867685
0.041606236
0.5294734
0.0594919
0.016868986
0.8784702
0.8724183
0.33361515
0.5875281
0.79395777
0.32838932
0.8010664
0.9396158
0.33001262
0.08291101
0.74225277
0.016868986
0.91685724
0.72841376
0.17710121
0.63350236
0.906218
0.86569315
0.9157399
0.10167059
0.053755
0.7344087
0.8263519
0.016868986
0.37319025
0.8045964
0.016868986
0.292788
0.5596774
0.94962084
0.016868986
0.6644757
0.73933643
0.12887461
0.8300771
0.054014917
0.68994373
0.87578684
0.9889936
