0.015155306
0.1671252
0.98125803
0.22619553
0.13002628
0.82551503
0.90608597
0.015155306
0.86672235
0.7932812
0.83068
0.015155306
0.9001656
0.9571215
0.9850981
0.015155306
0.46555454
0.97619593
0.8343436
0.015155306
0.015155306
0.85814
0.9832638
0.9438187
0.05578294
0.263955
0.19682619
0.1780162
0.8643427
0.10224586
0.98162264
0.9814095
0.96526676
0.9516095
0.08368188
0.988133
0.015155306
0.9923961
0.9698685
0.015155306
0.99275297
0.99550235
0.5163897
0.99538285
0.015155306
0.062372066
0.015155306
0.064368024
0.99404395
0.91169703
0.32510525
0.97647935
0.015155306
0.015155306
0.6980594
0.14548679
0.11538943
0.023029497
0.94513094
0.11590755
0.015155306
0.9812698
0.98967683
0.18087856
0.6205138
0.8084314
0.5525926
0.97707397
0.99256665
0.38387227
0.022293499
0.42329413
0.015155306
0.76643574
0.6865999
0.40820304
0.60279983
0.9835195
0.9939525
0.98076457
0.11457579
0.07004499
0.7837765
0.965234
0.015155306
0.010916534
0.9323687
0.015155306
0.18760198
0.96091163
0.81549895
0.015155306
0.9552709
0.86551917
0.28736767
0.9928362
0.043057937
0.93511176
0.9774409
0.9728509
