0.3041591 0.12476571 0.036238045 0.13405028 0.40078688
0.06411325 0.24373958 0.45647857 0.18104346 0.054625176
0.062151898 0.1462823 0.5445673 0.20033512 0.046663407
0.2039732 0.055410326 9.3224986e-07 0.00031872166 0.7402968
0.040054213 0.028374964 0.70479685 0.1827831 0.043990947
0.124719895 0.73760915 0.06643258 0.064388655 0.0068497686
0.093753144 0.031174203 0.0011727102 0.008810279 0.86508965
0.28764918 0.027044503 0.0064456263 0.026186846 0.65267384
0.17269684 0.7091984 0.0592469 0.051550053 0.0073077832
0.25509885 0.62493473 0.058498137 0.057422727 0.004045512
0.14262551 0.7243121 0.06668423 0.05050824 0.015869858
0.014610612 0.024551945 0.5925201 0.2959081 0.07240925
0.09085794 0.7922084 0.05605801 0.05346481 0.007410882
0.041989416 0.10838176 0.305452 0.47240078 0.07177602
0.025468567 0.011683156 0.29104567 0.63260573 0.039196886
0.2214119 0.19058962 0.31285128 0.24724416 0.027903043
0.2419611 0.5936191 0.083374895 0.06174755 0.019297361
0.4270917 0.10374746 0.07766533 0.17121777 0.22027777
0.17489552 0.7115951 0.053784728 0.050378267 0.009346385
0.45637792 0.03764515 6.338841e-08 7.2001145e-05 0.50590485
0.1493926 0.48674002 0.19781643 0.11194454 0.054106418
0.05290933 0.047497142 0.40831408 0.38003346 0.111245975
0.2904194 0.098521166 0.00073730905 0.0050361333 0.605286
0.14857458 0.055762775 0.570658 0.16246173 0.06254289
0.35103294 0.116723254 0.00070499175 0.0043185977 0.5272202
0.094301455 0.07387364 2.108349e-05 0.0047387527 0.82706505
0.057342224 0.066550635 0.5760337 0.20781222 0.09226116
0.085177556 0.10931675 0.26675737 0.46024072 0.078507565
0.74774283 0.16708855 0.056186706 0.022957867 0.006024112
0.42213055 0.088397 0.013483504 0.0788526 0.39713627
0.070412 0.059903957 0.55383325 0.23008429 0.08576657
0.47346005 0.06837512 0.060843784 0.19138858 0.20593241
0.5519108 0.14631324 0.17298938 0.09209854 0.036687974
0.0433506 0.051029634 0.43761182 0.41553816 0.05246984
0.030054454 0.033741668 0.44014 0.3835222 0.112541646
0.5010879 0.15914391 0.013710318 0.04456103 0.28149688
0.19012919 0.04445951 0.15878133 0.58079803 0.025831899
0.114120215 0.049034588 0.334927 0.45556107 0.046357058
0.32255578 0.084596865 0.041410804 0.10709722 0.44433936
0.48772496 0.38356814 0.07081453 0.050043676 0.007848772
0.13043387 0.7443903 0.06107345 0.05884859 0.0052538035
0.13683546 0.08744633 0.25501892 0.24923308 0.27146623
0.09689218 0.7859243 0.05550482 0.053981308 0.0076974104
0.030485438 0.083763 5.1005736e-05 0.0030125775 0.88268805
0.08199999 0.10647919 0.12675625 0.36965808 0.31510645
0.27263746 0.6240733 0.050803594 0.04733104 0.005154557
0.11428928 0.22896221 0.25617522 0.36695406 0.03361929
0.5999702 0.081355885 0.23153512 0.076166004 0.010972752
0.5634895 0.3664906 0.03914045 0.026457904 0.004421559
0.11209908 0.75972563 0.06187677 0.054419737 0.011878788
0.16164765 0.72198254 0.061745223 0.047666438 0.0069581326
0.19105445 0.0795656 0.31041497 0.21137476 0.20759027
0.18147075 0.69973654 0.055752303 0.058713906 0.0043265326
0.47009262 0.12946092 0.016998168 0.057028707 0.3264196
0.81293714 0.1288139 0.032904934 0.023828175 0.0015158644
0.32622793 0.5801461 0.044692397 0.044064004 0.004869574
0.024576444 0.009949193 0.6813349 0.2570947 0.027044713
0.34836072 0.11188777 0.00078201405 0.008042049 0.53092736
0.55796397 0.2012933 0.118507706 0.08073635 0.04149868
0.077044286 0.079684235 0.6107531 0.1737916 0.058726788
0.033346944 0.033921733 0.01137346 0.37388876 0.5474691
0.04700915 0.050335053 0.50195295 0.36759543 0.033107385
0.30201444 0.117867 0.22139046 0.23065974 0.12806842
0.22813778 0.08960216 0.00022188477 0.0039310814 0.6781071
0.017892195 0.015674582 0.19095549 0.693389 0.08208884
0.04449909 0.049690824 3.7909574e-06 0.0019239021 0.9038824
0.03715563 0.025079453 0.45198566 0.3845329 0.10124635
0.22565062 0.64912707 0.0734371 0.04235711 0.0094281025
0.10058154 0.03900552 0.008853325 0.032116417 0.81944317
0.45513615 0.16275993 0.21342221 0.11855557 0.050126106
0.07251469 0.060706746 0.0057692337 0.036373764 0.82463557
0.6439799 0.11472867 0.12 0.08336545 0.037925977
0.005011827 0.0047683287 0.40777937 0.5284793 0.053961203
0.23542808 0.11257419 1.1511879e-05 0.00067761197 0.6513086
0.10052199 0.13867788 0.41139597 0.27191615 0.07748796
0.084638365 0.0471774 0.0026732888 0.025178367 0.84033257
0.2829888 0.035576195 0.0002922689 0.00427394 0.67686886
0.067304395 0.03655705 0.13542856 0.70064336 0.060066726
0.12524518 0.070945635 0.4931822 0.28032154 0.030305462
0.053693067 0.043609545 0.4720628 0.24863818 0.18199642
0.04131009 0.030400718 0.42606965 0.47694245 0.025277024
0.01676588 0.03697942 0.15357508 0.635309 0.15737063
0.21280678 0.6846047 0.04993277 0.04683884 0.005816945
0.019898027 0.033420693 0.38907227 0.51367825 0.043930672
0.09490499 0.11880526 0.40984002 0.3209027 0.055547126
0.12279722 0.03470426 0.5516842 0.27137542 0.019438831
0.15235628 0.15558898 0.0041261096 0.057969276 0.62995934
0.25490755 0.63059425 0.056023106 0.051359512 0.007115586
0.13650888 0.029335314 0.0013586974 0.028613817 0.8041833
0.027098468 0.021699933 0.38879466 0.47869286 0.083714046
0.063596234 0.08487066 0.02626604 0.15933537 0.66593164
0.31964046 0.18526489 0.3264226 0.13357167 0.035100397
0.8698835 0.029505309 0.016583335 0.049363866 0.034664046
0.28678873 0.082528226 0.1767717 0.28581017 0.16810119
0.044758555 0.6892869 0.14704457 0.11050836 0.008401674
0.020758793 0.018009152 0.54941213 0.35265476 0.05916518
0.07627365 0.04245268 0.307618 0.5129043 0.0607513
0.73839396 0.1618081 0.065600224 0.028173003 0.0060247965
0.0036294784 0.0012463775 2.3703784e-08 8.930925e-06 0.99511516
0.15109803 0.12404733 0.38810974 0.21080565 0.12593928
