0.94582736 0.022154303 0.02088075 0.009072152 0.002065456
0.011948914 0.021549704 0.5014264 0.41839525 0.04667979
0.3286246 0.122888006 0.020768583 0.12468616 0.40303266
0.59143347 0.14536224 0.04617222 0.14251588 0.074516155
0.077413425 0.05647118 2.5462523e-07 0.00016011386 0.86595505
0.1504859 0.7237356 0.06895637 0.03204812 0.02477394
0.29500774 0.06554449 1.5080192e-06 0.00041670515 0.6390296
0.13413376 0.19305463 4.6840763e-05 0.0067882612 0.6659765
0.10328439 0.059434444 0.10563051 0.64667046 0.08498016
0.829717 0.11005091 0.025174849 0.029025635 0.0060316003
0.2349169 0.65068823 0.06568955 0.038372543 0.010332873
0.09512081 0.010729735 1.0874333e-08 2.3239636e-06 0.89414716
0.12151974 0.0594703 0.018949931 0.24205467 0.5580054
0.32781342 0.117845364 0.44555888 0.08034395 0.02843846
0.43020394 0.42425868 0.08900547 0.041029193 0.015502746
0.0058852574 0.01557768 0.54134506 0.3376504 0.09954158
0.78003746 0.051117264 0.006509946 0.11399153 0.04834371
0.3204743 0.5885796 0.05025655 0.028726347 0.011963234
0.15642259 0.75412583 0.049588427 0.03140127 0.00846186
0.02318467 0.04195128 0.15755129 0.6072085 0.1701042
0.06580829 0.7974146 0.073638834 0.050939687 0.012198598
0.3050404 0.2023097 0.19044717 0.27777633 0.024426386
0.24367853 0.050322752 0.23003529 0.4441088 0.031854603
0.036741197 0.02942883 0.6875248 0.22022949 0.026075682
0.022418022 0.019368052 0.01425498 0.033261362 0.9106975
0.018448748 0.019039024 0.67765224 0.23989038 0.044969648
0.34499434 0.15628135 0.2808553 0.18259992 0.035269212
0.034121543 0.08922048 2.3534209e-07 0.00029640077 0.87636137
0.026772376 0.026746245 0.17427973 0.69775546 0.07444613
0.0099487025 0.005962437 0.32056928 0.6413529 0.022166666
0.07012401 0.047517832 0.58613855 0.23283695 0.0633827
0.0058992296 0.005355596 0.62326884 0.33036968 0.035106666
0.009733934 0.013185066 0.7858228 0.14289948 0.048358664
0.132515 0.7182081 0.08294602 0.047261212 0.019069634
0.04597304 0.052534916 0.07019471 0.59176457 0.2395327
0.052973915 0.13128787 0.28200328 0.43885958 0.09487529
0.027033186 0.14752014 0.5547001 0.20697287 0.063773744
0.4215735 0.11638279 3.2413586e-06 0.00038706217 0.4616534
0.080007575 0.10618706 0.33401918 0.40984878 0.06993735
0.025565557 0.013258381 0.813387 0.11105172 0.036737386
0.07761106 0.7950222 0.067281656 0.050663017 0.009422188
0.17481418 0.03691241 0.63796234 0.13018075 0.020130267
0.08307838 0.030964643 0.54692185 0.29983482 0.039200354
0.07750272 0.07864637 0.35423705 0.4722762 0.017337583
0.4909916 0.38968858 0.075609155 0.027923921 0.015786754
0.0075554503 0.013307253 0.48192415 0.4230184 0.074194714
0.07923523 0.7623907 0.08548567 0.059178066 0.013710316
0.058926836 0.011370621 8.383487e-06 0.002845962 0.9268482
0.5628932 0.11800323 1.8664233e-06 0.00024869715 0.3188531
0.17157708 0.20477512 0.316775 0.22095571 0.08591703
0.13717325 0.11445875 0.16216318 0.499193 0.08701187
0.073534474 0.08049607 0.0850727 0.64288586 0.11801088
0.12068185 0.16075812 0.43485737 0.25127706 0.032425616
0.0153813055 0.020954574 2.512632e-05 0.0009316461 0.96270734
0.020065855 0.01232906 0.23960699 0.6880143 0.039983734
0.28449416 0.04668681 1.6412854e-06 0.0001231135 0.66869426
0.13307306 0.37992373 0.20358206 0.24700993 0.03641125
0.01599565 0.021419656 1.5605407e-08 1.4675443e-05 0.96257
0.37233645 0.021214515 0.15119232 0.44791895 0.007337807
0.017008368 0.01308382 0.3776339 0.54080355 0.05147032
0.024238251 0.017893994 2.4730378e-08 1.9034884e-05 0.95784867
0.02004657 0.012637041 2.9402317e-08 2.6779107e-06 0.96731365
0.13615336 0.718286 0.07349407 0.05579543 0.016271127
0.0564335 0.25790572 0.44431752 0.14817514 0.09316813
0.1633287 0.59083176 0.12357324 0.07771816 0.04454814
0.11654084 0.7311858 0.09006678 0.05057842 0.011628189
0.7409006 0.08085492 0.11334373 0.06175193 0.0031488931
0.070086725 0.78822005 0.07707864 0.053456023 0.011158583
0.03878389 0.5057275 0.25491735 0.18403643 0.016534775
0.00581789 0.012844683 0.31455913 0.5684122 0.09836612
0.14938733 0.11914559 7.714659e-09 6.4345727e-06 0.73146063
0.0031999873 0.0032503798 0.4726646 0.48476034 0.03612463
0.072274886 0.16255616 0.45501044 0.2736296 0.036528897
0.37007213 0.18590233 0.2817423 0.10291596 0.0593672
0.65019953 0.08725688 0.00061727694 0.116474785 0.1454515
0.36511174 0.5207687 0.05729852 0.048842788 0.007978234
0.037818953 0.036695678 9.715475e-06 0.002132558 0.92334306
0.058142304 0.042232554 0.6303759 0.23366413 0.035585087
0.035418596 0.029647581 0.0073152883 0.26257396 0.6650446
0.25507566 0.18743923 0.25551194 0.26611236 0.03586085
0.008661269 0.0034549013 3.988991e-05 0.0011746103 0.9866693
0.1049071 0.75012386 0.07584824 0.05500617 0.014114686
0.61145097 0.2071235 3.4035125e-07 0.00012826618 0.181297
0.3441308 0.07287719 7.315942e-08 3.0247747e-05 0.5829617
0.002635824 0.013392356 0.33958232 0.61919755 0.025191838
0.008796001 0.0083686495 0.04316351 0.8728025 0.066869274
0.0035403294 0.013805397 0.24079509 0.57021123 0.1716479
0.76641095 0.18887469 0.023285294 0.016794303 0.0046346663
0.024583006 0.18371908 0.5367602 0.2000103 0.0549273
0.17200424 0.16456896 0.3880436 0.2097943 0.06558899
0.0058054165 0.010119411 0.24604031 0.610966 0.12706883
0.45027775 0.08070079 0.36313576 0.07573738 0.030148324
0.011908874 0.025498927 0.09710516 0.6040611 0.26142594
0.006273065 0.0077197705 0.75995725 0.18154426 0.04450563
0.015851852 0.012053567 0.054617092 0.7673362 0.15014137
0.1591196 0.21666925 0.43870023 0.1251233 0.060387623
0.07839606 0.5632353 0.17936276 0.1584224 0.020583572
0.19621396 0.19937688 0.42177182 0.14443205 0.038205337
0.15007986 0.7166905 0.07377977 0.040418107 0.019031662
0.2438355 0.14315115 0.1870693 0.33475146 0.09119256
