5.3794734e-06 5.445543e-06 0.00019670627 0.0070330217 2.0501153e-05 8.5265856e-05 5.053752e-09 0.99162686 0.00015178032 0.00087514304
7.1358427e-06 0.0002163184 0.99922943 5.931167e-05 2.5020978e-07 7.3014976e-06 8.3032486e-05 5.6986103e-08 0.00039709412 2.0571647e-07
1.481463e-05 0.9832735 0.0010606226 0.0004566138 0.006050053 2.7853619e-05 0.0002625956 0.005901253 0.00058687653 0.0023657668
0.9814248 1.9701474e-06 0.004273709 0.001151377 0.00031430818 0.002558186 0.0010071953 5.6023127e-05 0.0008610792 0.008351188
4.8023096e-05 2.137989e-06 0.00015616002 2.4959036e-06 0.9912684 0.00010901727 0.0003899117 5.005818e-05 0.00038311767 0.0075906334
1.4889433e-05 0.98438555 0.00071148266 0.0003973556 0.00672076 2.9582274e-05 0.0002852279 0.0044032796 0.0005404751 0.0025113644
2.0874411e-05 3.2200069e-06 4.889124e-05 0.00038852292 0.9896688 0.0011447237 7.8817684e-05 0.00037418655 0.0025347252 0.0057372483
7.119757e-05 0.004111779 0.052316554 0.039317444 0.42560184 0.0027124174 0.0001555098 0.01390997 0.047681306 0.41412196
0.00018780079 0.00019633363 0.009155412 0.005596591 0.06689437 0.67199016 0.10784057 1.5763442e-06 0.13799754 0.00013969805
4.8523576e-05 3.2386866e-05 0.0001527836 0.0089406045 0.0610085 0.00091244874 8.6392396e-07 0.04837967 0.0056332643 0.8748909
0.99047804 2.1604108e-06 0.0015326471 3.7977647e-05 0.00043019722 0.0010595621 0.0057391366 3.280278e-05 0.00062106224 6.642541e-05
0.007471165 1.5218582e-05 0.0055683884 4.2995325e-05 0.000758028 0.005463353 0.8913964 1.1852244e-05 0.089213416 5.9141865e-05
2.7315209e-05 2.5025417e-06 2.1937672e-05 0.0005046916 0.0074928273 0.00013871808 5.1827424e-06 0.0020634832 0.0016451522 0.9880982
0.9749878 1.0667262e-06 0.0010914457 6.094699e-05 0.0049782638 0.005427654 0.0011108008 0.0026960832 0.003617363 0.006028435
0.00034925577 0.95725024 0.0011274115 0.015232631 0.0019489436 0.00012680126 0.0018982269 0.0010831626 0.016326275 0.0046570455
0.00078159815 3.1729258e-05 0.0015310423 0.03084203 4.7468733e-05 0.9599361 0.004993203 1.3224748e-06 0.0017873497 4.819272e-05
4.777042e-05 6.311236e-07 0.00026449765 0.00012312301 0.002831149 0.0020804352 5.6748013e-06 0.0033900964 0.0013445423 0.9899121
1.7355452e-06 5.6262434e-07 7.215818e-05 0.010558648 6.198274e-06 1.6234872e-05 4.623691e-10 0.98783875 1.6856884e-05 0.0014887858
2.6015155e-06 2.2003437e-06 0.0010004875 0.99266136 5.437932e-06 0.005120744 1.8977415e-06 9.657809e-05 0.0009859386 0.00012274364
0.00017351961 4.3894055e-05 4.97142e-05 2.1057456e-06 0.99703443 7.343695e-05 0.00071606506 0.0002961774 0.00012620799 0.0014844135
5.1973602e-05 5.694264e-05 3.086861e-05 0.026739573 0.022583043 0.0018010876 3.25622e-07 0.1484874 0.0033912659 0.79685754
0.0030669423 3.8550595e-05 0.00018781691 0.00078076357 0.008878826 0.3434161 0.5901913 8.72447e-06 0.050277423 0.0031535006
0.001118838 0.00025706855 0.0033045437 1.5080541e-05 0.051590897 0.0016191794 0.9207432 0.00024008268 0.018449273 0.002661766
0.0015602761 0.00019282785 0.00025871914 0.0017723463 0.002329705 0.90386426 0.07318623 2.1936664e-07 0.016385967 0.0004494341
4.4810087e-05 0.00018222923 0.0005411217 9.654521e-05 0.94826967 0.001355738 0.0015627324 0.0014601874 0.00061617256 0.045870874
0.9699718 9.425032e-07 0.0006268981 1.7133323e-06 0.002516017 0.0006515527 0.020458128 7.6349024e-05 0.0027836175 0.0029129363
5.9855993e-05 2.230112e-05 0.0010620094 0.0012673405 2.2763188e-05 3.6251353e-05 3.0394073e-08 0.9961649 3.6393238e-05 0.0013281616
0.00019901861 3.818223e-06 0.0001549202 5.461346e-06 0.97813046 0.00012411771 0.00081769086 0.00014789808 0.00028396957 0.020132639
0.9942883 2.8322702e-07 0.0002446244 1.3794027e-05 0.00018582802 0.0013367092 0.00034346303 0.00022360479 0.0010672797 0.0022961332
0.000953567 0.92962253 0.003224301 0.004107866 0.005274604 0.006573974 0.018855967 0.0031266257 0.027515765 0.0007448176
5.9990098e-06 1.7022961e-05 0.00017497469 0.88035345 4.2235224e-05 0.0020320283 1.1012784e-08 0.0859412 0.00054959 0.030883616
0.00030086582 0.8646182 0.00061133725 0.009178629 0.06828661 0.0062715183 0.003480414 0.0075096907 0.0036349972 0.036107723
7.935638e-07 4.5889974e-06 0.00017397567 0.970793 0.00010791851 0.024649914 7.521775e-06 0.0002686705 0.003115576 0.0008779308
0.15293474 9.707287e-05 0.0028549498 8.042494e-06 0.60221636 0.010057631 0.19936714 0.0025145684 0.01746309 0.012486403
3.7255436e-06 4.195508e-05 0.0011540729 0.002646864 0.00012623711 1.8088764e-05 5.623051e-09 0.98420334 0.0024539328 0.009351928
0.0017902273 0.00040357074 0.99006665 0.00548475 0.00016441646 0.00044627604 3.545353e-05 2.2142964e-05 0.0015845054 1.969142e-06
2.7827273e-06 0.00026392832 0.040295612 0.0024128603 9.717416e-06 1.4651816e-05 1.6388346e-07 0.95505595 0.0012365879 0.0007076897
0.00026145647 0.90676177 0.0011581151 0.0044984254 0.009320749 0.0034005672 0.03469849 0.002109399 0.035747536 0.002043502
0.0047747567 0.0061309095 0.9165964 0.030339913 3.8074904e-05 0.011442866 0.012809146 0.00031879728 0.01738875 0.00016037963
0.00015120032 0.9602542 0.00087863655 0.0015786239 0.0033337977 6.402225e-05 5.8778813e-05 0.012344296 0.0032965671 0.01803995
0.00013899726 0.9905704 0.0021902663 0.000385474 0.0014519251 0.00011444774 0.0038215795 0.0007558278 0.0004638366 0.00010725154
0.00014239654 0.039444078 0.23545152 0.19123389 0.00022456882 0.0011376736 1.4468801e-05 0.5167906 0.0030639598 0.012496766
1.2276954e-05 0.00078365894 0.0004454266 0.0004135646 0.97666943 4.975634e-05 0.00013498786 0.0014217972 0.0033219585 0.016747186
0.00075711985 0.03838042 0.8039521 0.004640186 0.0329731 0.00075416814 0.10052818 0.002892434 0.013961688 0.0011606873
1.9855357e-05 0.005666248 0.0125159975 0.9731354 7.603907e-05 0.0053646956 0.00029898336 0.00010775715 0.002737344 7.765247e-05
0.002068792 4.0546197e-06 0.00033492927 0.19979212 0.0014691437 0.7790827 0.0021302977 9.2282724e-05 0.0040902477 0.010935387
6.047659e-06 0.7870432 0.115169875 0.056929767 0.0071814824 0.00023620742 0.0014957956 0.002485492 0.027990283 0.0014618591
3.529034e-06 0.007894447 0.98517543 0.0051169875 4.009293e-05 3.5555073e-05 0.00086268334 5.587304e-06 0.00086394796 1.682535e-06
7.2426235e-05 1.2730348e-07 1.811656e-05 8.125998e-06 0.98957366 0.000983352 0.00052225427 9.664008e-06 0.001899166 0.006913023
6.908383e-05 2.769104e-06 0.00011518634 4.3884365e-06 0.9935614 6.189611e-05 6.277881e-05 2.8658149e-05 0.00038157412 0.0057122014
0.0010690918 0.0005576245 0.00043491504 1.6879962e-05 0.001214401 0.005329486 0.99112505 1.2719215e-07 0.00025023898 2.125191e-06
1.4014743e-06 3.4411747e-07 0.0006335217 0.9961427 1.4692304e-07 0.00280343 6.021782e-07 1.8981822e-05 0.00038537773 1.3532617e-05
0.0002086986 1.9651205e-08 1.4202119e-05 0.0068239644 8.188733e-05 0.9893054 0.00011581846 3.7211607e-06 0.0018366451 0.0016097914
1.2937663e-05 6.8166514e-07 7.737911e-05 0.034335382 5.0845672e-05 0.9546757 0.0012734666 2.8126144e-07 0.008904591 0.00066877995
0.0010970044 8.344323e-05 0.0109985005 7.577936e-06 0.0036446734 0.0080939615 0.9595927 1.3981503e-07 0.016470445 1.1538058e-05
0.9974963 6.4818556e-07 4.7808477e-05 8.255299e-06 0.00036199015 0.00047979326 0.00044634388 2.0592312e-05 0.0005397095 0.00059857196
0.00019946069 4.9417224e-07 6.386657e-06 5.252736e-07 0.9904068 0.0008364869 0.00015956839 3.5529742e-06 0.00576963 0.002617136
8.414132e-05 0.98046184 0.0010544959 0.0007145535 0.004852189 0.00034519823 0.0007135076 0.008003814 0.00054440054 0.0032259482
7.741773e-06 1.3678392e-06 0.0013347949 0.00050985714 0.06294701 0.00017003191 9.945487e-06 0.008085297 0.00012592583 0.926808
0.0034707652 7.7620956e-05 0.00029108484 0.001733321 0.0008762624 0.6774264 5.105442e-05 0.3057876 0.0011417461 0.009144249
1.2218087e-05 0.00030675886 0.0012323608 0.15409124 1.44245705e-05 0.052657805 1.7765882e-06 0.7871386 0.0029984391 0.0015464816
0.00091530435 5.937689e-05 0.19156963 0.32460046 0.00022169173 0.0346836 0.00024647114 0.0052543688 0.43128744 0.011161584
1.62893e-05 4.2728407e-05 6.91184e-05 9.502884e-05 0.014679679 0.008055592 7.24001e-05 0.0014267648 0.002612715 0.97292966
0.0006500507 0.00040441475 0.2928459 0.50475854 0.0007551774 0.004314033 0.0033861233 0.00044786494 0.1913043 0.0011336555
0.00019978822 2.0156008e-07 0.002636839 0.027143123 0.0028330623 0.0036662547 2.3007645e-07 0.61326647 0.007918408 0.34233564
0.0013795354 0.02240635 0.00011615119 0.0005714371 0.8945816 0.0013182915 0.0034512586 0.0012609975 0.00054447097 0.07436991
0.015566464 5.592256e-05 0.006013139 0.00030948367 0.006764056 0.18642499 0.77044964 0.00070945366 0.0128108775 0.00089595816
5.0934508e-05 1.9172747e-05 0.0006952769 1.3655391e-05 0.9958978 7.360439e-05 0.00018333267 0.00022572336 0.00029976582 0.0025407346
0.00011706584 1.919464e-05 0.0024665804 0.9504488 0.003982209 0.0102887945 0.0001501688 0.0011047401 0.011715799 0.019706683
0.9741468 2.385112e-07 0.0011433967 1.1133102e-05 3.536365e-05 0.010992211 0.0006234779 0.0003057938 0.000261304 0.012480159
6.0063974e-07 1.6535679e-06 0.00015290102 0.0023489515 1.3742069e-06 8.044322e-06 1.5338493e-09 0.99699956 3.1517404e-06 0.00048378773
0.99854565 1.0845282e-06 0.0009276086 3.2600124e-06 1.3805821e-05 8.649194e-05 0.00022577161 6.682582e-06 0.00012646102 6.3155385e-05
0.0037620056 0.00027198705 0.9919367 0.0035496422 3.1793763e-05 0.00024202843 0.000117438016 1.4492417e-05 7.150854e-05 2.4600656e-06
0.00068609836 0.018498678 0.022865135 0.06425223 0.00091830065 0.00036849934 7.049072e-06 0.51964635 0.27396813 0.09878959
0.00010592477 0.9399194 0.0006267584 0.0026374634 0.029098786 0.0009244815 0.0015160476 0.0092056515 0.0012691816 0.01469623
2.5407855e-06 2.7169695e-05 0.009384632 0.060217332 0.0011780708 0.00027777438 3.593058e-07 0.8892185 0.0059477845 0.03374589
0.00070296007 0.014313694 0.0565565 0.871402 9.398104e-05 0.050523937 0.003376639 0.00015284453 0.0027318164 0.00014570291
9.54369e-05 0.0073842015 0.009994922 0.009486133 0.0006402032 0.0011274385 1.9672357e-06 0.9323625 0.0011683503 0.037738867
3.8429625e-05 0.023399027 0.0015433332 0.041774426 0.27467406 0.001759962 5.7296686e-05 0.040134862 0.014621304 0.6019974
8.094193e-06 3.474476e-06 0.0033298354 0.024724772 3.1286843e-05 5.878624e-06 3.836672e-09 0.9642782 0.0026586677 0.0049597747
0.0005367046 0.012227276 0.0010007398 0.0024029955 0.02049684 0.020436877 9.855588e-05 0.68308437 0.012801567 0.24691404
0.0053538457 7.621949e-05 0.0006552288 4.3021096e-06 0.0011538996 0.0016098723 0.99080545 6.316932e-07 0.00032898746 1.1563749e-05
8.413869e-06 4.0633324e-05 0.9984541 0.0002629006 3.176912e-05 1.1577553e-06 8.567259e-06 9.007806e-07 0.0011915455 4.43031e-08
0.00028483878 0.012755031 0.001990735 0.0009961287 0.23555428 0.013940426 0.00012939384 0.6362514 0.023323033 0.074774764
0.00014602607 5.536288e-06 0.00026976597 0.0018291692 0.02352494 0.011945167 4.1572443e-05 1.7680406e-05 0.9521711 0.010049021
2.5657482e-05 2.9609384e-07 1.5053824e-05 3.1539128e-06 0.9962263 0.00023582664 0.0002064967 1.0659134e-05 0.0014752651 0.001801365
1.6285591e-06 9.567317e-05 0.00063866196 0.049439076 0.00012023564 0.00014876146 4.9098907e-09 0.9355839 0.0017377594 0.012234462
1.1616551e-05 1.2089299e-06 0.0005317436 0.9684824 0.00034415867 0.019895159 4.3259765e-06 0.004055785 0.0004041343 0.0062694666
7.822453e-05 4.353201e-06 5.4211014e-05 8.5039844e-08 0.0002578697 0.000309233 0.99915123 5.2965265e-07 0.0001394503 4.846871e-06
1.1913287e-05 0.9864551 0.0022252728 0.001360282 0.0031137164 6.551271e-05 0.00028443531 0.0035577125 0.0010593887 0.0018665622
0.00021459967 2.9712692e-06 0.00058220414 0.95378006 1.3172057e-06 0.040359847 2.6405161e-05 4.04541e-06 0.004855731 0.0001727728
4.637548e-05 8.437359e-06 2.5005484e-05 1.3128081e-07 0.00029655706 0.00024790372 0.9992879 5.814184e-08 8.032552e-05 7.262811e-06
0.0039351378 0.00906498 0.0020746847 0.009593246 0.44084615 0.07454122 0.000606723 0.029491618 0.08685015 0.34299618
0.00030592093 0.00017507617 0.0008546315 0.9726501 3.0737243e-05 0.016710874 7.5878575e-06 0.0007399831 0.0062413486 0.0022837645
0.00011467482 0.9475469 0.0008192662 0.0017548309 0.0010981451 0.00013128288 0.011829255 0.0001800568 0.036206115 0.00031942246
0.00016467043 2.179813e-06 6.1924686e-05 3.6546124e-05 0.96768034 0.00085192703 0.0050285724 7.576065e-05 0.0009691381 0.025129007
0.00032629757 0.8467306 0.000875352 0.01372628 0.064563684 0.008888355 0.00402394 0.010325786 0.0049134116 0.045626294
9.290824e-06 0.0004904561 0.0069888695 0.11153499 0.0045123533 0.000106848296 5.3396866e-07 0.65609854 0.0036882744 0.21656972
0.0022195238 0.002017941 0.002879298 5.37158e-06 0.0013285776 0.027559176 0.9629933 1.1643514e-07 0.0009955447 1.09077e-06
0.00022862284 7.7723826e-07 0.005392251 0.01556495 0.0039412044 0.0011741552 5.5826936e-06 0.0319372 0.0024699583 0.9392852
