1.1355955e-05 2.9442676e-10 5.3321357e-05 0.0004939207 9.583076e-12 1.9164956e-07 8.694198e-14 0.99888164 5.5919404e-06 0.0005539208
2.0841063e-16 1.4513697e-10 1.0 1.4374454e-11 1.3681797e-21 1.975317e-15 1.1356337e-09 5.3410494e-16 1.7339225e-08 9.906426e-20
1.7812365e-05 0.9990922 0.000104594175 4.8399615e-06 8.6297645e-05 1.0928583e-07 3.6961137e-06 0.0005851502 4.25797e-05 6.2665335e-05
0.9983772 1.3036667e-09 0.0002900118 5.3083517e-05 0.00030039003 4.2368288e-06 7.804416e-05 4.99418e-08 7.6893343e-07 0.000896192
9.257157e-10 7.285824e-15 9.251633e-10 8.195792e-13 0.9989127 1.2944423e-09 1.8700248e-10 3.9400784e-06 1.2548763e-07 0.0010832495
1.8317822e-05 0.9989348 6.74153e-05 6.7733745e-06 0.00018047154 2.1596852e-08 1.6736108e-06 0.0006137253 5.7134686e-05 0.00011974351
3.7132177e-09 1.8455164e-11 9.561777e-10 2.1135822e-09 0.9971796 3.9998636e-06 1.6789461e-07 0.0004017185 0.00095966115 0.001454804
3.783645e-06 0.000529952 0.037333004 0.016342837 0.02894886 0.00014971636 2.147491e-07 0.0045621 0.023851683 0.8882778
2.916953e-10 8.4084226e-11 2.7253898e-06 5.1655195e-07 1.3000283e-07 0.99966955 1.0561246e-05 1.9796857e-13 0.00031649735 9.553423e-09
5.768177e-06 2.05905e-06 8.245714e-07 1.7610779e-06 0.39284363 2.6708454e-07 8.272205e-08 0.013206304 0.00094582443 0.5929935
0.9999926 2.450522e-16 4.0241318e-08 2.1582838e-09 6.649422e-07 1.5426037e-08 3.9479335e-07 4.0566737e-09 3.3196906e-07 5.871131e-06
4.7103176e-06 8.327033e-17 2.607597e-07 8.1725776e-10 9.482215e-07 8.614238e-05 0.99981827 8.408624e-09 8.9631154e-05 1.10355536e-07
3.4904858e-07 5.1538695e-12 1.4603647e-10 1.7080929e-05 0.00023136042 2.1382773e-08 2.1436e-10 2.006282e-05 7.770236e-05 0.99965346
0.999897 1.4794723e-15 1.2413011e-07 1.1914433e-07 4.9450216e-07 3.6258286e-06 2.60921e-07 5.74839e-05 1.09488365e-05 3.0111985e-05
0.0006469734 0.9962543 7.495062e-05 0.0006898723 0.0002386396 1.4361973e-07 2.0804055e-06 0.0002466421 0.0018072766 3.9130056e-05
7.619417e-05 2.6427094e-09 1.14521406e-07 0.0001357311 6.874752e-09 0.9995956 0.00011713547 2.5415863e-08 3.7568072e-05 3.774735e-05
6.154942e-08 4.1738277e-15 4.6723625e-07 2.8828944e-07 6.677467e-05 4.246681e-06 2.1286735e-12 0.00015458826 0.0029685926 0.9968051
2.2938217e-05 1.6288688e-10 5.520242e-05 0.0005487994 2.991818e-11 1.09404176e-07 1.719502e-15 0.99900925 1.0626797e-07 0.0003634545
8.1392555e-09 4.3124866e-14 5.807383e-06 0.9999759 3.9422163e-11 2.065972e-06 1.8127495e-09 5.805699e-10 1.5719133e-05 4.835507e-07
5.188572e-06 4.3815835e-06 5.7494116e-08 1.3753596e-09 0.99958044 4.8394617e-07 9.311406e-06 0.0002711136 4.778906e-06 0.00012415326
3.937963e-06 2.3490496e-09 2.7654126e-10 5.0731207e-05 0.00035271575 1.1311757e-06 2.5626935e-08 0.0033401034 7.4647205e-06 0.99624395
2.4427052e-05 2.3299759e-15 2.105926e-07 1.3425287e-06 0.00014443988 0.032988824 0.96555614 3.10174e-09 0.0012559601 2.8574572e-05
0.00018052135 2.742928e-14 7.535106e-08 6.678729e-11 1.5651796e-06 5.485389e-06 0.99956506 8.4165865e-09 0.00024708913 1.6537008e-07
7.243309e-06 5.5044227e-09 2.9341447e-07 0.0013527188 1.9695937e-08 0.9950965 0.0022178316 3.5812976e-13 0.0013241862 1.2593324e-06
5.406948e-07 1.0112515e-10 7.722232e-07 2.9340196e-08 0.99139273 2.8893778e-06 1.2351112e-06 0.0005486785 2.0308358e-05 0.008032762
0.99630237 1.6768814e-17 3.564732e-08 5.239378e-13 7.493508e-05 5.748727e-09 0.0034191078 3.0318304e-08 0.0002025819 8.9825664e-07
1.23306e-06 2.2582847e-09 2.9459811e-06 6.181172e-06 9.436673e-10 3.681158e-07 3.6125552e-14 0.9999205 1.2673908e-07 6.865913e-05
2.6390683e-09 4.457399e-16 1.3998545e-08 4.4556364e-10 0.9985839 3.9315777e-09 6.686228e-10 4.4627535e-07 4.1232573e-07 0.0014152197
0.9999889 8.2182074e-19 2.7031156e-06 2.06605e-06 3.657508e-11 2.0622221e-07 1.9998792e-08 2.0819702e-08 2.8958134e-06 3.2340704e-06
1.4740771e-05 0.99922764 7.2343675e-05 1.1200699e-05 4.425771e-06 2.8037275e-05 0.00023666618 5.0821942e-05 0.00035012237 3.9649512e-06
9.388764e-08 3.060179e-08 6.927045e-07 0.9850004 1.5002374e-07 5.803742e-05 9.102778e-13 1.5637224e-05 5.89457e-07 0.014924326
0.000101435624 0.99740237 1.5209807e-05 0.00043496242 0.0010530393 0.00021062636 3.637109e-05 4.746644e-05 0.00038295935 0.0003155869
7.662889e-10 2.3267638e-08 4.63153e-06 0.99761677 1.702262e-07 0.0021558912 8.359472e-09 1.7866385e-07 0.00018706812 3.52259e-05
0.23441982 1.8801967e-11 2.3496256e-07 4.9525883e-12 0.7555915 2.1001895e-07 0.009904358 6.575858e-05 1.9467157e-07 1.8005398e-05
4.3381965e-09 3.8516337e-09 6.212332e-05 6.175378e-05 2.554442e-09 7.490828e-13 2.3671226e-13 0.9994916 2.2658141e-05 0.00036190366
1.9866295e-06 3.962643e-06 0.999984 2.951133e-07 3.385112e-10 1.1668545e-07 4.591331e-06 6.6824306e-08 4.584593e-06 3.1451157e-07
3.6549358e-07 2.9810866e-07 0.029902797 0.00018677016 8.2420085e-11 2.0999342e-07 8.762368e-11 0.9696387 4.757439e-05 0.00022325086
3.7276517e-05 0.9988128 1.619384e-05 5.1708033e-05 2.8360915e-05 4.2038493e-05 0.00021884007 2.7988188e-05 0.00074822066 1.6614269e-05
0.009786411 4.181305e-05 0.9860036 0.0024523656 4.560223e-09 0.0014583456 4.8319034e-05 3.765551e-06 0.00019524527 1.01409205e-05
0.00017405809 0.9981828 1.5630629e-06 9.50318e-06 3.9965114e-05 2.2487151e-07 3.2504826e-07 0.0003924862 0.0006981959 0.0005009282
3.140506e-05 0.9997923 3.8245387e-05 3.8536873e-06 2.8634528e-05 2.471851e-06 2.6913558e-05 4.8361915e-05 2.5134615e-05 2.6074906e-06
2.9996636e-06 0.46933198 0.17225727 0.03493863 4.623531e-07 0.0002805912 6.6318545e-10 0.32025078 0.00050668954 0.0024304704
2.2442965e-09 7.0833344e-06 1.0464885e-07 5.3951413e-07 0.9983985 1.1870776e-08 9.012713e-08 0.0004259108 3.1056625e-05 0.0011366463
4.7312722e-05 6.333715e-05 0.7238216 0.00020820755 0.003133351 0.0100541655 0.048591167 3.101862e-05 0.21404615 3.7175357e-06
2.4042045e-08 0.00049817754 0.00057151535 0.99884206 1.0589249e-07 7.034463e-05 1.0073842e-05 6.161805e-08 7.631829e-06 4.377574e-08
5.7619314e-07 5.153249e-12 6.968929e-08 0.034343146 1.07399e-08 0.9655708 1.6887253e-07 1.7364175e-09 8.080596e-05 4.39771e-06
2.705168e-07 0.9992514 0.0003579426 0.00025153108 1.9506775e-05 9.568028e-08 7.470465e-06 6.471889e-05 4.5629844e-05 1.3828279e-06
4.3469683e-10 2.3007466e-05 0.9998049 2.970365e-05 3.3951353e-06 1.9105032e-08 0.00012801925 6.4246487e-06 4.5515458e-06 3.1245104e-08
9.4575154e-07 5.1802317e-16 1.5250494e-10 1.0725745e-10 0.9997545 2.3000268e-07 9.17459e-06 7.1838016e-08 6.250274e-07 0.00023435164
7.865821e-10 3.4779507e-17 4.0897102e-10 8.0407105e-12 0.99845576 4.2068148e-08 1.2471569e-08 2.3635462e-06 1.3811254e-07 0.0015417152
0.0015052218 4.5322298e-07 1.1196786e-07 9.609786e-07 4.644e-08 0.00015163093 0.99828726 6.279398e-13 5.4075987e-05 1.6853278e-07
4.865724e-10 2.2594546e-14 0.00023354263 0.9996915 3.675218e-13 6.0930495e-07 4.0353761e-16 1.0620155e-06 7.327582e-05 1.0783128e-08
6.306425e-06 3.2045623e-08 3.744404e-05 0.0035500736 1.18234875e-05 0.99231464 9.005878e-05 3.6459998e-08 0.0037091793 0.00028052274
4.0988772e-09 9.904982e-19 3.5194758e-09 2.6824706e-05 1.1259697e-09 0.99976987 9.833235e-06 3.6710834e-10 0.00018729315 6.100706e-06
1.7671506e-09 4.095617e-25 8.2449326e-08 7.563491e-16 1.2692925e-07 7.6310084e-07 0.9999989 1.4766105e-17 7.7561154e-08 1.1493287e-15
0.99998176 3.3754679e-16 1.8958019e-07 2.6529099e-08 2.8240388e-09 3.8373443e-08 1.5776233e-05 1.4040512e-08 1.484628e-06 8.072459e-07
8.9052185e-07 1.0477519e-16 5.6163966e-11 6.114958e-13 0.99978 1.458231e-06 2.145511e-07 1.06867155e-05 1.747639e-06 0.00020519787
0.0003628479 0.99170434 0.00019213966 0.00016417251 0.000294421 5.34664e-05 1.9654488e-05 0.004775711 0.0004237965 0.002009456
5.977652e-08 6.591186e-16 1.945852e-08 1.4784033e-06 0.027494434 1.3387165e-07 1.4487209e-11 0.00075138616 2.56697e-06 0.97174996
4.000068e-08 1.0170662e-09 7.6022735e-07 0.0006138145 4.8795602e-08 0.9955686 5.396861e-10 0.0036206134 6.719876e-05 0.00012904026
1.11923676e-07 1.11724484e-14 1.4841321e-10 0.0059808795 3.5211625e-12 0.0013008089 5.3946295e-16 0.99267477 2.3067822e-05 2.052364e-05
0.00022725548 4.4637773e-08 0.7861054 0.0018488053 2.6366885e-07 0.00015875857 1.398475e-06 0.00010431499 0.20891273 0.0026409922
3.0936046e-06 8.114292e-11 2.8867728e-08 2.580828e-06 0.00013004361 0.0006123901 1.5543052e-09 0.0003483721 0.001599879 0.9973036
7.121099e-08 1.158481e-12 0.011854033 0.9851276 6.4581895e-11 1.08022746e-07 2.7950111e-11 4.7216403e-08 0.0030180383 6.246883e-08
6.695973e-05 1.6842837e-14 0.060250208 0.0013071684 7.85165e-06 2.242808e-07 1.639665e-08 0.92830616 0.0037469312 0.0063145254
8.866901e-05 0.073658496 1.6544568e-06 0.00050427084 0.88699126 0.0015553476 0.0044664694 4.1947114e-05 0.0011917874 0.031500027
0.0015416279 9.0901876e-11 5.9518286e-05 1.1073535e-07 0.00061695266 0.0011375364 0.99652904 2.9119037e-05 2.2876773e-05 6.324231e-05
2.8935476e-11 1.5685749e-14 8.6445874e-07 7.305855e-08 0.9978416 4.9513135e-05 4.095527e-07 0.00020714065 0.0017756389 0.00012479098
4.872689e-09 2.5689355e-06 6.573835e-06 0.9932668 2.5567799e-05 4.527106e-06 5.490172e-10 5.087339e-07 2.1635424e-05 0.006671779
0.9999291 1.1532923e-13 3.3862132e-05 6.602477e-08 3.0577635e-10 9.1211854e-07 2.0909567e-06 3.447916e-07 2.563905e-08 3.363048e-05
2.7835893e-05 6.2575875e-11 0.0004441434 0.0012397243 3.424366e-11 1.6957638e-06 1.3168399e-12 0.99821544 1.9868027e-07 7.110246e-05
0.99999666 1.8372679e-17 5.8592826e-07 7.714137e-12 1.7768791e-07 2.0453476e-10 2.9460242e-07 1.8082323e-09 1.5008547e-08 2.3751716e-06
4.00537e-06 9.945411e-10 0.99975306 0.00024285531 9.0351565e-15 2.7511183e-08 1.6236366e-10 4.3234815e-11 2.234818e-08 1.1229176e-10
1.5910064e-05 9.481331e-05 0.002317735 0.009416675 0.0004132414 2.7418185e-08 6.173712e-10 0.15676913 0.3643351 0.4666374
0.00032416708 0.9956766 3.2205004e-05 9.8379875e-05 0.0026913395 1.3956667e-05 2.9844583e-05 0.00026418365 0.0004766652 0.00039270706
2.507411e-09 4.39396e-12 4.1648327e-05 0.0048262756 9.721129e-09 7.748797e-08 3.3455135e-14 0.99505603 5.5796398e-05 2.0120502e-05
0.00061279675 5.737034e-06 0.0003924623 0.9552764 1.3820318e-06 0.017060708 0.019276163 1.0697148e-06 0.007126857 0.00024636465
5.055951e-05 0.00028774183 0.038301546 0.00037739356 5.993675e-06 0.000102249964 6.091284e-08 0.9575606 0.0001883691 0.003125495
2.498209e-06 1.2269274e-05 3.3884774e-08 0.000383855 0.0027710136 3.310353e-06 1.15263e-07 0.00046372807 5.8452435e-05 0.99630475
1.0838589e-08 1.7036507e-08 0.052623037 0.0010512323 1.0981524e-12 1.5062822e-12 5.6551926e-15 0.9462933 3.2251195e-05 1.02235035e-07
5.1973424e-05 0.000113947535 9.67002e-07 1.6436619e-06 3.061818e-05 0.00025724946 6.995021e-11 0.9971949 0.00010014376 0.0022485477
0.00045223246 5.7874923e-09 5.8649216e-06 5.437715e-10 0.00013609725 5.676987e-07 0.9993486 1.7307012e-09 1.223014e-06 5.545549e-05
3.5446268e-10 4.9752735e-08 0.999998 1.3898631e-06 2.0842458e-08 2.1260844e-11 4.0399555e-09 4.1137045e-07 6.827165e-08 2.7148143e-08
1.1687615e-05 0.00014630427 2.8837798e-07 2.7617068e-07 0.00049530546 0.0013642944 6.6054426e-08 0.987715 0.00016906136 0.010097782
6.851607e-05 2.4420915e-10 9.414223e-07 4.3176597e-06 0.0013548023 0.00053437287 9.4899725e-08 0.00010795056 0.99737084 0.00055813056
4.170963e-07 5.2392847e-16 9.1778904e-11 7.418188e-12 0.99997365 1.16990655e-07 1.0004285e-06 1.8863075e-07 1.5096414e-06 2.3143972e-05
1.3128839e-07 1.4135173e-06 1.248825e-05 0.0036483924 3.0980324e-08 3.8815582e-08 2.1532477e-14 0.9900265 0.0003407329 0.005970307
1.2918923e-09 4.1072834e-10 4.662301e-06 0.9995876 2.7336111e-09 0.0003902917 7.6990595e-13 1.4233407e-06 2.2700526e-07 1.5909412e-05
1.14717594e-07 1.6350806e-15 6.0017507e-09 4.5385355e-15 3.0780657e-06 1.5797614e-08 0.9999968 2.646424e-09 1.3515418e-10 6.815938e-09
1.986212e-05 0.9992567 0.00012413625 7.802293e-06 0.0001276305 1.5830857e-07 9.766074e-06 0.0001733857 0.00023172736 4.891259e-05
9.2593496e-07 2.6942998e-15 7.2964944e-08 0.9998092 1.08841396e-13 0.00017491593 9.552731e-10 1.2587856e-13 1.4880066e-05 1.45770755e-08
3.3679817e-07 1.6094927e-16 4.5515602e-08 8.594975e-12 7.88539e-08 1.5855246e-06 0.999998 4.2802234e-13 1.9393728e-08 3.787883e-09
0.00015749728 6.838758e-05 2.2310591e-07 0.00035671663 0.76683134 1.9127992e-05 2.7239453e-09 0.0028706444 0.0040318826 0.22566417
9.698695e-08 2.3517055e-07 2.981794e-08 0.9972761 3.018969e-08 0.00028178986 7.191754e-14 5.3129035e-09 1.8284535e-06 0.0024399038
2.5317238e-06 0.9992944 9.696023e-06 1.35155715e-05 2.1997477e-05 7.1985966e-08 1.03448165e-05 2.856245e-06 0.00064425496 2.1930927e-07
1.3372919e-05 9.86572e-15 3.897753e-09 3.5144332e-10 0.99919134 1.5507302e-08 0.00021678308 7.3711153e-09 1.5745117e-07 0.0005784202
0.0002021171 0.9945608 4.712529e-05 0.00084966194 0.0028791977 0.00030905064 8.191354e-05 0.00014405341 0.00019081247 0.00073525944
6.730898e-08 3.0417136e-06 6.816862e-06 0.0009376959 1.1930399e-05 9.37956e-10 3.435716e-15 0.9987411 5.124237e-06 0.00029436153
2.356947e-05 5.881337e-09 2.2698076e-05 1.44882275e-08 1.6579141e-09 0.0009889603 0.99895835 2.0274393e-10 6.261366e-06 5.225037e-09
4.3311382e-05 2.4860809e-17 0.0011595929 0.00097270525 6.7956366e-06 1.1549453e-05 7.570131e-09 0.0016121815 0.004294602 0.99189925
