0.04052412
0.06756207
0.7354042
0.76645756
0.20546056
0.8404964
0.74479556
0.04052412
0.7556877
0.9010888
0.7889442
0.04052412
0.9329017
0.8476646
0.76091725
0.04052412
0.5969546
0.7928955
0.6991068
0.04052412
0.04052412
0.8425922
0.81298333
0.72458416
0.39284626
0.4904568
0.6391451
0.619349
0.5894948
0.3788612
0.86929214
0.8795354
0.9250228
0.8635355
0.17031817
0.82768023
0.04052412
0.7175441
0.94767386
0.04052412
0.86793035
0.9331934
0.6078305
0.7969747
0.04052412
0.7824236
0.04052412
0.11641511
0.9194461
0.8085684
0.36841992
0.89682883
0.04052412
0.04052412
0.768885
0.28431514
0.16871566
0.055076715
0.6435393
0.073917404
0.04052412
0.87371063
0.87037706
0.21866938
0.64588803
0.78281295
0.43422136
0.71353763
0.6257097
0.62183523
0.14012285
0.6437913
0.04052412
0.7862384
0.5137294
0.1518828
0.620988
0.87915003
0.886279
0.85650873
0.068071395
0.068065576
0.85167545
0.7243953
0.04052412
0.48595798
0.80848336
0.04052412
0.16922991
0.70715195
0.79009026
0.04052412
0.7827559
0.74047357
0.1955989
0.736673
0.0632885
0.6574972
0.8288306
0.921114
