0.020004287
0.056003563
0.7217432
0.7815808
0.17709816
0.7649794
0.611498
0.020004287
0.7873595
0.9162971
0.7949427
0.020004287
0.92255217
0.8949732
0.89451337
0.020004287
0.7821637
0.7852263
0.39059207
0.020004287
0.020004287
0.79652995
0.9166708
0.6345433
0.6108018
0.4314644
0.5951397
0.5497615
0.72115445
0.55459106
0.84176064
0.85385185
0.9164841
0.8507788
0.3628563
0.7193836
0.020004287
0.8142006
0.9463493
0.020004287
0.7301937
0.89251566
0.6014765
0.8213309
0.020004287
0.7673413
0.020004287
0.13330236
0.9168943
0.7635719
0.39396778
0.80162543
0.020004287
0.020004287
0.7729594
0.4378235
0.25954401
0.034439784
0.49633795
0.020004287
0.020004287
0.89218736
0.86493915
0.28846887
0.5966682
0.79944235
0.7031419
0.57308125
0.5849826
0.4968262
0.1681045
0.71879184
0.020004287
0.81596684
0.7709825
0.21900325
0.776877
0.8331889
0.7762839
0.85139763
0.08768095
0.050587982
0.7072025
0.8296301
0.020004287
0.48377034
0.8296301
0.020004287
0.04856364
0.7037531
0.8416305
0.020004287
0.7862948
0.7776378
0.24889913
0.50646937
0.049085185
0.82025355
0.7967673
0.8472108
