0.023330769
0.10748431
0.80662423
0.6524629
0.2747404
0.94509614
0.85717136
0.023330769
0.88141096
0.9087799
0.9206471
0.023330769
0.7593146
0.9279531
0.86493915
0.023330769
0.556279
0.88602656
0.9488699
0.023330769
0.023330769
0.79502225
0.8977401
0.4065085
0.31658053
0.45265692
0.44107106
0.66181356
0.7739006
0.16184944
0.9297918
0.60638195
0.8511504
0.9529696
0.17617497
0.88478804
0.023330769
0.1559763
0.9796774
0.023330769
0.5274382
0.97989976
0.53218204
0.9286033
0.023330769
0.79983354
0.023330769
0.05839952
0.9713881
0.7526495
0.33220208
0.9620898
0.023330769
0.023330769
0.7279754
0.29249424
0.1666754
0.044410706
0.87488115
0.023330769
0.023330769
0.97176564
0.96694523
0.26123667
0.5123266
0.8762113
0.9647723
0.7903685
0.7489954
0.53278977
0.08299415
0.4058019
0.023330769
0.91818726
0.66279644
0.22686929
0.5917232
0.92873263
0.8908652
0.9673332
0.053650703
0.08269734
0.86865973
0.9208609
0.023330769
0.27067298
0.75046134
0.023330769
0.08269734
0.94078976
0.95226437
0.023330769
0.95500547
0.7295198
0.18352044
0.88433933
0.038339972
0.8332568
0.85669243
0.9618755
