2.743468e-08 7.46598e-10 1.2563096e-05 0.00036415624 3.1818626e-10 2.335726e-08 5.357709e-15 0.99961203 7.0494686e-08 1.12928465e-05
7.5655315e-08 1.1212809e-06 0.98014534 0.019821225 1.28211e-09 4.05395e-08 7.712365e-08 1.417523e-07 3.1926986e-05 8.438768e-12
9.042537e-06 0.9967727 8.312013e-06 8.865881e-06 0.0006971657 1.00938664e-07 6.9009395e-05 0.0021135965 0.00012219681 0.00019894741
0.9994367 2.0446137e-08 0.00031669353 4.2181685e-07 6.5050426e-06 1.5677272e-06 1.2594117e-05 0.00019802683 3.5217324e-06 2.403273e-05
6.919159e-08 2.0098487e-12 5.069733e-07 2.7694205e-10 0.9997967 8.4479995e-10 1.5337596e-07 1.558509e-05 3.5654264e-06 0.00018349028
4.982103e-06 0.99730957 4.541433e-06 6.1148276e-06 0.00084606215 1.545898e-08 3.05693e-05 0.0014553987 0.00017796944 0.00016492512
3.4572646e-12 2.826274e-11 4.588253e-09 2.3853516e-07 0.999134 1.8842421e-07 2.2430998e-08 5.835101e-06 0.00011940882 0.00074034696
5.938805e-05 0.000111013724 0.0086570205 0.01060207 0.0033148662 2.205443e-05 3.6140605e-06 0.054830324 0.0022565662 0.9201431
1.4017883e-07 1.7409175e-14 3.1279108e-06 1.8604152e-06 1.3970032e-06 0.99970716 1.2448119e-06 1.7576578e-09 0.0002849949 1.5409373e-08
0.00035982937 1.1526569e-05 0.0003991184 0.00047293268 0.101076245 0.0009626411 0.0055389833 0.032572083 0.007226732 0.85137993
0.99980646 2.9824494e-13 0.000107010994 3.128712e-09 4.5428624e-06 5.4884532e-09 2.0671656e-07 8.034773e-05 1.872622e-07 1.2192319e-06
1.0972295e-06 2.8467967e-16 1.4376126e-09 2.4256115e-09 2.8972867e-08 2.0252564e-05 0.9998921 1.5020049e-10 8.639129e-05 1.17519406e-07
9.546811e-07 1.0649378e-11 2.5961657e-07 2.3411328e-06 0.0059260665 2.755861e-07 9.690339e-05 6.752955e-06 0.004218545 0.989748
0.98886245 9.847929e-09 0.00058308255 9.434054e-07 1.7457221e-05 0.00013259676 4.6656234e-05 0.0064358595 2.2607486e-05 0.003898397
0.0028458347 0.98757845 6.759279e-05 0.0021207584 0.00016469916 3.0769002e-06 0.00065384875 0.00042639367 0.0060694637 6.985676e-05
4.019619e-07 2.369661e-10 5.955542e-07 3.558749e-06 1.7268713e-08 0.99997246 2.8704917e-06 5.1413127e-09 7.717595e-06 1.2308242e-05
8.110168e-05 1.9110391e-10 0.0036454885 1.5758537e-06 0.00068263896 5.6918023e-05 1.1015536e-05 0.0008062683 0.01127091 0.9834441
3.524061e-08 1.3161029e-07 0.0003505679 0.0031918185 1.7021541e-10 1.3165975e-07 5.881028e-15 0.99644274 1.3652713e-07 1.452339e-05
9.1642215e-07 1.6229299e-08 0.0032876595 0.9947225 2.5747083e-06 0.00016854766 4.544747e-09 1.6885197e-05 0.0018006952 3.1256923e-07
1.057971e-06 3.1512215e-08 2.1400417e-08 2.3281943e-06 0.97735447 1.4780208e-05 0.0006392215 0.0004794228 0.00014122411 0.021367569
0.040700424 0.00024512433 2.5549627e-05 0.011142594 0.040282685 0.0013163404 0.00024053728 0.021580942 0.020068627 0.86439717
4.801371e-06 4.5068473e-11 9.938332e-05 3.8806576e-07 0.0025940451 0.007313175 0.9894622 1.1267244e-06 0.00051974703 5.0522103e-06
3.6434706e-06 1.016303e-12 1.8048842e-06 7.139933e-08 0.00023055672 5.85804e-06 0.99905974 2.9526386e-06 0.0006305165 6.493049e-05
2.8371117e-06 4.9557974e-10 2.5169716e-06 0.0001917503 9.9374636e-05 0.9469291 0.014010448 1.4548849e-09 0.038702317 6.1762454e-05
1.0374309e-07 2.9139733e-07 4.9040723e-06 5.768078e-07 0.9892117 1.6593427e-05 0.00012574765 0.0015833303 0.00076127413 0.008295472
0.9994772 3.614124e-10 1.1491093e-06 1.0712924e-09 0.00036021878 2.7750266e-07 8.12047e-05 7.277921e-05 4.992348e-07 6.7558094e-06
2.281029e-07 2.9475518e-06 2.9298244e-05 0.001041777 5.2929803e-11 8.6776745e-06 5.749208e-13 0.9988882 1.00488405e-05 1.8759747e-05
3.285924e-06 3.9267317e-10 0.00018388174 5.1157567e-08 0.9980825 4.948498e-08 3.312443e-05 1.32607e-05 0.00013089925 0.0015529182
0.9873882 6.753687e-12 0.00081709976 6.578558e-07 4.0886167e-07 2.7609802e-05 3.2640454e-08 0.00566679 6.929026e-05 0.0060299546
0.00029854343 0.99810886 1.790439e-05 2.4417988e-05 0.00043551135 2.0563184e-05 0.00039083688 0.00034393548 0.00033892502 2.0549422e-05
7.958794e-08 3.5829726e-05 0.00037806958 0.9980829 4.1274973e-07 2.9363371e-05 1.2143877e-12 0.00067006605 0.00041741907 0.00038576318
0.00023338987 0.98664725 3.7821073e-06 0.001554401 0.0088012945 0.00043046917 1.8941546e-05 0.000101783466 0.0005606789 0.001648034
3.441469e-10 3.1426364e-08 3.7967668e-06 0.99963844 1.4125515e-06 9.804812e-05 1.766623e-11 1.7328279e-06 0.00022826763 2.8209328e-05
0.039153546 1.0232296e-06 5.7266705e-05 4.133271e-09 0.94207096 4.322229e-06 0.0177455 0.0006229693 1.4030163e-06 0.00034294746
8.6713845e-09 1.1535402e-09 0.00041014844 0.00032957358 1.7863686e-09 2.679287e-11 4.702625e-12 0.99918276 9.62252e-06 6.79197e-05
2.507733e-05 2.9819782e-06 0.999338 0.00015977112 5.7898687e-06 6.892236e-06 2.8093957e-05 8.612461e-06 7.331361e-06 0.00041744762
4.0546156e-06 6.7362015e-07 0.26443502 0.0027951088 9.697198e-09 5.440966e-08 4.7724637e-08 0.732166 0.00010737589 0.0004917239
0.00029472655 0.9937337 1.5989406e-05 0.0007003525 0.0016568437 5.1975814e-05 0.00034580738 0.00038322897 0.0025992282 0.00021819492
0.0010636979 3.6683819e-06 0.97642946 0.006790033 3.211792e-07 0.009676442 0.001537887 2.0598334e-06 0.004223464 0.0002729807
1.4316384e-05 0.99880123 7.3206445e-07 4.557483e-06 0.00016076102 1.38317136e-08 6.021158e-06 0.00042828577 0.00024845405 0.0003357072
5.409042e-05 0.9995351 8.9433394e-07 3.5144158e-06 0.00017543256 1.7716883e-06 0.00014641257 7.220793e-05 8.051118e-06 2.5551954e-06
3.221636e-05 0.5987733 0.1808657 0.024609946 8.6719535e-07 9.2110595e-06 1.707774e-08 0.19280982 0.0006644628 0.0022345246
1.2000008e-08 3.6967951e-06 9.828715e-07 8.227661e-06 0.9992974 7.935426e-09 1.0922199e-07 0.00017150117 5.0516413e-05 0.00046757597
0.00036963003 8.040864e-05 0.09091715 0.0004685985 0.043824177 0.0010918104 0.6195404 0.000188514 0.2435191 2.2789462e-07
3.5004572e-07 6.6328794e-06 6.916221e-05 0.9970421 9.963941e-08 0.0014218076 7.3458077e-06 1.5385937e-06 0.0014508045 1.0114906e-07
0.00027806213 2.6865081e-09 0.00069715333 0.16991042 2.0209753e-05 0.7944278 0.0016940092 2.1100034e-06 0.03239669 0.0005734704
5.1071504e-07 0.9994692 8.035342e-05 0.00033553343 6.1378865e-05 1.6389414e-07 5.693383e-08 2.2232834e-05 2.9616695e-05 1.0503225e-06
7.032615e-08 5.634168e-06 0.99912983 0.00040568813 4.622516e-06 1.9856842e-08 0.00022895841 0.00011249384 0.00011262222 8.392087e-09
1.720159e-07 4.1371018e-07 1.456421e-06 1.2284498e-06 0.9985676 1.7342433e-06 0.00019132558 7.375899e-07 0.0012137995 2.1568245e-05
1.1783099e-08 6.100143e-13 9.568741e-06 1.5720278e-10 0.99994826 3.8634296e-10 1.3597322e-06 2.0365876e-06 3.432125e-06 3.5276928e-05
0.0004250296 4.3586553e-08 1.226793e-06 1.531963e-07 1.0412e-05 0.0008346346 0.99866545 5.345245e-09 6.308892e-05 5.7806215e-10
3.7463042e-08 2.0772992e-09 0.0031239174 0.98897356 1.3166575e-08 2.3506244e-07 2.9127905e-13 0.0073369266 0.00056540594 4.046875e-08
0.0008161461 1.9683236e-11 2.0913421e-06 6.932473e-05 5.68819e-05 0.9779283 0.006373455 2.735412e-07 0.0027499918 0.012003501
4.7647074e-08 3.8237675e-13 4.5574103e-05 8.138637e-05 5.2852363e-05 0.98680973 0.0007914103 2.7921953e-07 0.012207119 1.1634197e-05
4.2377583e-06 4.7327073e-12 6.7714565e-05 2.83634e-10 0.0027105452 0.0003616898 0.9962923 5.3190226e-09 0.000563515 5.402378e-11
0.99984884 9.115409e-11 4.052182e-07 2.7535538e-09 6.939793e-05 1.6352051e-06 4.440474e-06 3.3052926e-05 2.4948753e-05 1.7276685e-05
0.00013772445 5.970834e-09 4.136975e-08 3.130784e-09 0.9984555 3.312948e-05 0.0004134057 0.0007669019 1.6174283e-05 0.0001771178
0.0001679088 0.98799485 2.0635092e-05 0.00036724145 0.0018672162 3.3319346e-05 6.367729e-05 0.0065938975 0.00073998555 0.002151179
2.2918293e-05 1.6451372e-10 0.0038909004 1.3167246e-05 0.0065245754 2.3992557e-06 0.00017799532 0.0045893686 0.0010954753 0.98368317
6.4046765e-07 2.6871288e-11 6.245972e-08 9.820051e-05 2.2721604e-08 0.9960835 6.10643e-08 0.0036291317 8.097004e-05 0.00010732109
4.09566e-07 6.0107446e-08 0.00018609768 0.07204707 4.1208675e-11 0.009728757 7.715908e-14 0.9163121 0.0017214088 4.044882e-06
6.412958e-05 7.5810105e-09 0.05672436 0.031288963 1.6195571e-06 9.826827e-06 6.9927746e-06 0.011964187 0.85309774 0.04684218
4.9958903e-08 3.5663998e-08 2.3453852e-07 3.5447965e-06 0.0008768329 0.0017951853 4.9635737e-06 0.001471169 0.0013508318 0.99449724
1.8312738e-06 1.4626365e-09 0.13763809 0.8470443 4.2933522e-07 3.2681587e-08 4.605251e-07 4.118671e-05 0.0152683025 5.3489166e-06
9.491379e-06 3.8536638e-10 0.1078637 0.21688104 1.7272555e-07 3.8907456e-07 6.447831e-09 0.6254295 0.049562227 0.00025341273
5.360517e-05 0.019499894 1.3513879e-06 0.00036508605 0.8763788 6.003334e-05 0.02762996 0.00011048458 0.0002460426 0.07565481
0.016422689 9.098021e-11 0.001087118 1.6913389e-06 8.765176e-05 0.0005345451 0.9770189 1.1772465e-05 0.004531741 0.0003038609
1.3613406e-07 1.3108481e-10 0.0026341775 2.052984e-06 0.99557894 5.6913946e-06 6.550833e-05 0.00056105637 0.00010406388 0.0010483512
0.00021801135 0.00010542924 0.00270316 0.90448517 0.00748779 2.5306732e-05 3.3175176e-08 0.0031752442 0.06777638 0.014023363
0.99926513 7.735934e-12 0.00036995154 3.466764e-09 1.19632615e-08 1.3282897e-05 1.6942994e-06 0.00021735308 1.6140353e-05 0.00011637889
3.4547295e-08 2.40245e-09 0.0001284148 0.00088649907 1.3665184e-10 2.2450538e-07 5.559182e-14 0.99898213 1.7443428e-07 2.5917577e-06
0.99998486 1.0900305e-13 1.4009707e-05 5.447469e-10 2.9404288e-09 8.8342594e-10 7.657875e-07 1.544912e-08 1.6272621e-07 2.0344557e-07
0.00030852258 1.634564e-05 0.9886587 0.010904523 1.3311146e-07 7.2401167e-07 2.919391e-07 3.5489247e-05 9.701044e-08 7.526786e-05
0.0013015541 0.00015296318 0.000577146 0.11559153 0.00027144095 9.3348325e-07 8.682026e-06 0.0115221 0.74028295 0.13029067
9.9192956e-05 0.9802368 2.18714e-06 0.00010170051 0.017290685 3.758581e-06 0.00011288913 0.0005434934 0.00053892564 0.0010703577
6.7003185e-09 3.5192323e-07 0.0012578932 0.011303291 5.9356075e-06 2.552867e-07 6.864885e-11 0.98564154 0.0017292486 6.1441395e-05
0.00022524472 4.26693e-05 5.5845634e-05 0.9723717 0.0001251542 0.014468784 0.0018313603 4.730334e-06 0.010781202 9.32433e-05
4.29481e-06 0.0003211916 0.11459602 0.011802498 2.8421024e-07 6.8825044e-05 1.4859377e-06 0.86722857 0.0009461238 0.0050307354
1.7346446e-06 0.000101353326 5.6944655e-06 0.0018713236 0.049408272 2.1594758e-06 5.244624e-07 0.00569455 0.00050466007 0.94240975
4.4309542e-07 3.010326e-08 0.012454992 0.10092562 7.546103e-09 1.1528818e-08 1.0545721e-10 0.8852395 0.0013775583 1.7809433e-06
6.214639e-06 0.0006732976 3.5613957e-06 0.00018095448 4.5346216e-05 5.4181815e-05 5.43801e-08 0.9927562 0.00087441347 0.0054057585
0.0005304215 6.077027e-10 4.0976207e-05 6.6455397e-09 0.0028645014 2.4473834e-06 0.99654704 2.0600532e-07 8.128442e-06 6.2098306e-06
2.3074631e-07 1.2394719e-10 0.9996331 5.1395193e-05 5.884286e-10 2.4420011e-11 1.40886955e-08 7.2554013e-07 0.0003145792 1.7792633e-08
7.347399e-08 0.000110405665 1.1812726e-06 0.00010280366 0.00045225112 0.0001305774 4.2907647e-07 0.9937388 0.000104598395 0.005358748
0.00075982884 8.390278e-06 0.0018702567 0.15543896 0.02009481 0.067384355 1.8765939e-05 0.011430824 0.60868365 0.13431022
3.7718397e-07 1.4945728e-08 2.211991e-06 2.1072945e-05 0.9669052 2.3977984e-06 8.557123e-06 2.6158932e-07 0.033054393 5.5752607e-06
3.2584546e-10 1.48766235e-08 6.4498005e-07 0.00015926838 1.2517073e-09 5.030182e-08 4.3860618e-13 0.999629 7.011178e-06 0.0002039204
1.3529814e-09 2.1914005e-07 5.578147e-05 0.99968195 3.3850001e-06 0.000109970875 2.0516528e-11 5.6145458e-05 7.2914314e-05 1.9643157e-05
9.766052e-05 1.0337348e-14 6.055035e-06 7.711147e-11 9.707159e-06 1.1632005e-05 0.9998716 3.016688e-08 3.2962876e-06 3.323099e-09
3.592201e-06 0.99702674 1.8090797e-05 9.812724e-07 0.00055784325 3.599804e-08 0.00020227497 0.0019965859 0.0001253637 6.8463174e-05
1.3290146e-07 2.359281e-11 2.1301924e-08 0.99779594 4.618757e-10 0.001773466 6.426217e-08 6.151762e-11 0.00042900446 1.3379783e-06
3.971552e-08 2.3736346e-16 1.0456682e-07 3.770071e-12 1.3045003e-05 1.03557305e-08 0.9999858 2.2921218e-12 9.584968e-07 2.9193428e-08
7.8018114e-05 3.881133e-05 0.00026778976 0.0019043952 0.19698773 3.8085323e-06 1.589695e-07 0.09110267 0.06610797 0.6435087
5.3352807e-07 2.918242e-05 1.4947312e-05 0.99864095 5.8477127e-07 3.6082245e-05 5.888749e-13 6.9861157e-06 8.364799e-05 0.0011869569
4.8237263e-05 0.99846196 1.0473789e-05 1.26769355e-05 0.00020654958 1.850291e-08 0.00021760711 7.993109e-06 0.0010341494 2.8794034e-07
3.191111e-06 4.8681117e-09 5.262761e-05 4.075954e-06 0.9960068 7.324724e-07 2.8306386e-05 3.4581205e-07 0.0005019734 0.0034019568
0.00036748697 0.9697383 8.5139145e-06 0.001681 0.021477703 0.0008658709 3.254796e-05 0.0002740109 0.00056414376 0.004990371
1.2390235e-05 0.0009194171 0.02425954 0.782345 0.00031617508 2.3675111e-06 3.972298e-10 0.053607296 0.13787708 0.00066076143
0.0004480103 4.6163914e-06 7.407487e-05 8.612801e-06 0.0001122981 0.1566864 0.8401504 2.56953e-07 0.0025134182 1.8520387e-06
0.00010667618 3.8976145e-10 7.123682e-06 6.16942e-06 4.6977937e-05 0.00042279376 6.8466727e-07 3.408431e-05 0.0022979851 0.9970776
